EQ1,EQ2,EQ3,EQ4,EQ5,EQ6,EQ7,EQ8,EX1,EX2,EX3,EX4,EX5,EX6,EX7,EX8,NZ
0.000817761,-0.20803371,-0.020996503,-0.064261905,0.134687464,0.050880538,-0.019261602,-0.021916424,0.041018279,0.042616825,-0.008052985,-0.073001923,-0.110649838,-0.02723646,-0.056326934,0.200716506,0.362830326
0.033800793,0.030318747,-0.041993005,-0.016234586,0.086985654,0.076962793,-0.020046594,-0.252665055,0.030043488,0.026396989,-0.001921735,-0.094665095,-0.098188303,-0.009590303,-0.085072476,0.241603201,0.338155579
0.01662781,0.099049291,-0.068164702,-0.08590802,0.116167938,0.082174209,-0.01150541,-0.171574288,0.023732984,0.025760917,-0.011164366,-0.114399354,-0.078099449,-0.033374254,-0.111310619,0.307269712,0.014652916
0.00463398,0.203353027,-0.067868977,-0.098760401,0.113361949,0.058810954,-0.025916462,-0.144022212,0.012895379,0.033711817,-0.018302239,-0.09080727,-0.064241362,-0.006137794,-0.103877971,0.323376592,-0.369302481
-0.036526664,0.540784973,-0.034452008,-0.040586466,0.048824206,0.013746053,-0.026068774,-0.319666693,0.002606513,0.014947692,-0.013086101,-0.031010979,-0.048234735,-0.011891975,-0.082565077,0.209389441,-0.383436113
-0.025078008,0.474591056,0.00768886,-0.05546817,-0.02020312,-0.023111496,-0.004991145,-0.316848867,-0.007133614,0.018128053,-0.004941605,-0.005193226,-0.052854098,-0.021098666,-0.066535631,0.039647705,-0.154171178
-0.026440943,0.262601414,0.034452008,-0.071026316,-0.104382785,-0.020795312,-0.029501651,0.028491351,-0.011111975,0.037210213,-0.00155569,0,-0.066067622,-0.014960872,-0.046207787,-0.058232566,-0.208110086
-0.010903482,0.271177633,0.036078498,-0.003382206,-0.140860639,0.01691822,-0.030333509,0.317788143,-0.007270799,0.022262521,-0.011164366,-0.084723776,-0.052639243,-0.069433792,-0.020417394,-0.073100456,-0.313322995
0.012811591,-0.026453408,0.022031542,-0.01217594,-0.202031196,0.057728389,-0.026057058,0.159363709,-0.01097479,0.002226252,-0.029192071,-0.117366912,-0.006015914,-0.044499005,0.022745694,-0.017965366,-0.060420533
-0.016900397,-0.548757233,0.015673446,-0.049380201,-0.317076738,0.080311191,-0.070918782,-0.207579841,-0.021949581,0.007314828,-0.04438293,-0.050151727,0.055324919,0.033757866,0.066356531,0.029116283,-0.116877465
-0.046612384,-0.372401178,0.012272604,0.038557143,-0.402378799,0.080739182,-0.045775596,-0.286165874,-0.036079623,-0.00159018,-0.048409422,-0.006380249,0.077240033,0.060227101,0.091699174,0.055754585,0.110178944
-0.028894227,-0.052363253,0.000739313,0.01217594,-0.433805874,0.038242225,-0.000140596,-0.106138109,-0.043761976,-0.021626449,-0.042186661,0.015134545,0.06144826,0.059076265,0.096624423,0.006194954,0.169687716
0.019898854,-0.151050169,0.003992293,-0.020293233,-0.441101445,-0.059566231,-0.036402554,-0.016593864,-0.060498531,-0.017173945,-0.041454572,0.011128342,0.040177708,0.060227101,0.093579724,-0.059471557,-0.180592131
-0.01662781,0.075585481,0.000591451,0.004735088,-0.411357963,-0.166085557,-0.061616038,-0.114278495,-0.091639499,-0.043888969,-0.054815206,-0.025817753,0.037814314,0.021482278,0.101997421,-0.020443348,-0.662194498
-0.025350595,0.370468508,-0.030755441,-0.016234586,-0.366462142,-0.220943891,-0.001792594,-0.247968679,-0.11304034,-0.041980753,-0.054449161,0.001335401,0.046301049,0.016878933,0.133339913,0.050798622,-0.72952756
0.00463398,0.174393188,-0.072452721,-0.023675439,-0.327739496,-0.213793929,0.06528324,-0.273955295,-0.121271432,-0.048977545,-0.042644217,-0.029823956,0.065208206,0.08899801,0.156443806,0.107172702,-0.424415384
-0.001635522,0.014676206,-0.086943265,-0.002029323,-0.253661391,-0.166161085,0.02975941,-0.069819464,-0.122094542,-0.073466318,-0.034865765,-0.075375969,0.076488044,0.055623756,0.176413451,0.083631877,0.015914062
0.025350595,0.005828205,-0.054265609,0.011499499,-0.143105431,-0.102868817,-0.000808425,0.200065639,-0.116195592,-0.072194174,-0.031845896,-0.053267663,0.075628627,0.068282956,0.207308192,-0.052657108,0.143417379
0.014992287,-0.206584208,-0.018482837,0,-0.034794262,-0.060120102,0.043959569,0.174392114,-0.117155886,-0.074738462,-0.027361847,-0.00489647,0.055432346,0.085161889,0.245725131,-0.199477515,0.103566163
-0.022352138,-0.254025195,0.009019624,-0.022322556,-0.002805989,-0.069208609,0.136987015,-0.06731473,-0.127444752,-0.066787562,-0.024982556,0.025224242,0.038888584,0.060227101,0.270888674,-0.340722463,0.001118293
-0.041978405,-0.046051881,0.038148575,0.037204261,-0.056119777,-0.115683361,0.088715847,-0.215720227,-0.122094542,-0.089686155,-0.01757015,0.066621673,0.031690973,0.087847173,0.28539577,-0.379750673,-0.036234349
-0.048793081,-0.056832551,0.056335687,-0.002705764,-0.083618467,-0.145214718,-0.061651187,-0.251099597,-0.099321852,-0.12753244,0.002928358,0.001483779,0.044259935,0.068282956,0.294171668,-0.338863977,-0.100112667
-0.02398766,-0.054144933,0.062841645,-0.022998997,-0.007295571,-0.110899936,-0.020515247,-0.34565331,-0.074079834,-0.12912262,0.012903079,-0.058906023,0.039318292,0.062912386,0.296768617,-0.342580949,-0.157706321
-0.026440943,0.021953913,0.07407921,0.060879699,0.065660139,-0.014375451,0.06379527,-0.478717311,-0.050758405,-0.110676531,0.008510541,-0.015134545,0.033732087,0.026469236,0.306171364,-0.39090159,-0.027972949
-0.023169899,-0.008908397,0.083838148,0.01826391,0.039845041,0.101836604,0.046818347,-0.408897847,-0.025927942,-0.108768315,0.009425653,0.027895044,0.055217492,0.036059538,0.315036812,-0.529668556,0.125866039
-0.001908109,-0.171645175,0.091527008,-0.002705764,-0.041528635,0.186150767,0.083830148,-0.144022212,-0.003978361,-0.107178135,0.010066231,-0.010683208,0.080892552,0.086696337,0.313872662,-0.60710548,0.180496522
-0.03870736,-0.571707679,0.093449223,0.066291228,-0.090914038,0.208758745,0.165902851,-0.012523671,0.013444118,-0.128804584,0.007137873,-0.053119285,0.077884595,0.0126592,0.301156566,-0.518517639,0.008867696
-0.038162186,-0.473262346,0.065651037,0.129876692,-0.070149721,0.170843806,0.028025397,-0.059174344,0.027025421,-0.123716008,0.001464179,-0.032939892,0.019336865,-0.018796993,0.263724676,-0.419398377,0.078134765
-0.032983032,-0.076823597,-0.005027332,0.175198246,-0.034233064,0.081997978,-0.160653947,-0.107703568,0.043761976,-0.116401179,0.005307649,-0.091252403,-0.0953952,-0.062145162,0.211158841,-0.349395399,0.100761832
-0.036799251,0.287363737,-0.070678368,0.198873684,-0.026376295,-0.000327287,-0.122880586,-0.10457265,0.059812607,-0.130394764,0.018027705,0.037687984,-0.246867309,-0.174927122,0.184741598,-0.304172235,0.185382073
-0.020989202,0.419993154,-0.103356024,0.192109273,-0.002805989,0.00203925,-0.107836853,0.133690184,0.076549162,-0.134529232,0.024708023,0.106832082,-0.429063548,-0.121221427,0.188681797,-0.366741269,0.069518518
-0.062422433,0.701196508,-0.143722539,0.113642105,0.060048161,0.078070534,-0.147859744,0.625244257,0.094246011,-0.108132243,0.022328732,0.168705663,-0.574734597,-0.04181372,0.193786146,-0.377892186,-0.097638977
-0.091861834,0.78430128,-0.174330117,0.113642105,0.102137994,0.148160301,-0.187882635,0.837833567,0.116607147,-0.101453487,0.016014459,0.160693257,-0.574519743,-0.047567902,0.184920698,-0.265763521,-0.344182948
-0.102492728,0.34135768,-0.194439444,0.075084962,0.126269498,0.197505108,-0.100291554,0.442398666,0.146101895,-0.100499379,0.011164366,0.064841139,-0.314761191,0.016878933,0.180085,-0.215584395,-0.122309551
-0.084229396,-0.108501251,-0.234214509,0.038557143,0.15320699,0.239171258,0.084861183,-0.135568735,0.160231938,-0.088095975,0.009791698,0.241114074,0.198954855,0.065597671,0.163160054,-0.24717866,0.20535671
-0.040342882,-0.265742001,-0.250331543,0.065614787,0.161624957,0.222454446,0.111726666,-0.264562542,0.154881728,-0.110994567,0.019217351,0.25758402,0.730288933,0.010357527,0.129578814,-0.201955496,0.053794231
-0.006269502,-0.203171839,-0.223420532,-0.031792732,0.156012979,0.131519016,0.068095153,-0.005009468,0.139928576,-0.105587955,0.028093937,-0.012908877,0.922153604,-0.031456193,0.094564774,-0.100358253,-0.311412932
-0.028349052,-0.164125884,-0.198727462,-0.188727068,0.129075486,0.033055985,0.138299241,0.077333666,0.123877945,-0.106224027,0.022694776,-0.048964704,0.68377303,0.033757866,0.066266981,-0.167263755,-0.447077999
-0.025623182,-0.231497521,-0.16516263,-0.265841353,0.111117158,-0.03605192,0.113976196,-0.147779314,0.117018701,-0.138027628,0.017478638,-0.257138886,0.286615309,-0.090148846,0.026506793,-0.312225675,-0.33097548
0.020716615,-0.308381514,-0.115332902,-0.131229574,0.086424456,-0.104026909,0.032676769,-0.183784867,0.10741576,-0.105587955,0.028185448,-0.275240989,-0.133209514,-0.315329155,-0.015402596,-0.231691275,0.131119425
0.046612384,-0.191183251,-0.09877228,0.17181604,0.01515234,-0.160219567,0.01977712,0.221042787,0.089856095,-0.086505795,0.046121642,-0.117960424,-0.639942803,-0.365965954,-0.03680504,-0.004336468,0.323935686
0.066783826,0.055171663,-0.116220078,0.424805013,-0.038161448,-0.126030665,0.047989977,0.350349686,0.060910086,-0.104315811,0.057652053,-0.084872154,-0.915278274,-0.379008765,-0.046476437,0.082392887,0.072799091
0.04606721,-0.050309793,-0.117846568,0.409923308,-0.079128885,0.006117749,0.016250512,-0.176896848,0.027299791,-0.097955091,0.055547296,0.004154581,-0.476653721,-0.313027482,-0.055431434,0.083631877,-0.231214518
-0.006542089,-0.191122855,-0.083690285,-0.05546817,-0.130197882,0.076811738,-0.060350677,-0.514409772,-0.002469328,-0.076964714,0.051795337,0.119444203,0.325181612,-0.133497015,-0.055341885,0.157351828,-0.22008775
-0.041705818,0.068247378,-0.056927138,-0.628413785,-0.134126266,-0.014828618,-0.027146674,-0.068254005,-0.03429622,-0.06615149,0.058292631,0.092736182,0.494271753,0.000767224,-0.060714883,0.318420629,0.039711148
-0.004361393,0.162766976,-0.065503174,-0.888167168,-0.104943982,-0.196397367,0.049934884,0.500633734,-0.069827103,-0.005406612,0.063966326,-0.238443272,-0.259006563,0.195258564,-0.080953177,0.420017873,0.153285536
0.023169899,0.15591204,-0.095519301,-0.842845614,-0.087546852,-0.347931241,0.136237172,0.531003636,-0.098773112,0.079827038,0.062868191,-0.075079213,-1.192869713,0.349470633,-0.100654172,0.464621541,0.024124429
0.016355223,0.104182944,-0.119473058,-0.516124562,-0.106066378,-0.352160796,0.064392801,0.182845591,-0.127307567,0.173011589,0.054174628,0.341417529,-0.81386716,0.557772009,-0.124116265,0.450992642,-0.081534298
0.058878801,-0.207580741,-0.123021762,0.109583459,-0.126830695,-0.221246002,-0.039167601,-0.209458392,-0.151040551,0.203861082,0.037245057,0.578228644,0.721265063,0.741905822,-0.158682556,0.361165811,-0.055658435
0.023169899,-0.346068561,-0.111044884,0.644648371,-0.153768188,-0.075250831,-0.037972538,-0.422047701,-0.155842022,-0.01431162,0.017844683,0.101787234,2.145532593,0.579637899,-0.185278898,0.317181638,0.171849301
-0.030529749,0.028839047,-0.097885104,0.777907268,-0.140860639,0.048388122,-0.081088533,-0.235445008,-0.154332988,-0.493909923,0,-0.022256684,0.871448047,-0.051404023,-0.196741295,0.276294943,0.439527539
0.031620097,0.472416804,-0.066538213,0.579033584,-0.101576796,0.113316825,-0.079342804,0.173139747,-0.151452106,-0.948065344,-0.022603265,0.136656038,-1.845596332,-1.204158416,-0.211517041,0.23107178,0.171063762
0.053154473,0.236631173,-0.014786269,0.286811028,-0.06285415,0.027567635,-0.002167516,0.286165874,-0.148708408,-0.882549926,-0.054174628,0.027746666,-2.468243384,-1.500690577,-0.21545724,0.257090586,0.125087081
-0.006269502,0.046988018,0.01315978,-0.094025313,-0.025815097,-0.130562331,-0.013942401,0.080464584,-0.142946643,-0.150112996,-0.100936849,-0.103864524,-0.39286064,-0.804434596,-0.21491994,0.298596777,0.129449649
-0.055062583,0.004529693,0.031051166,-0.418717043,0.026376295,-0.227590334,-0.096917259,-0.041328113,-0.12401513,0.682823312,-0.156392633,-0.239778673,3.362036252,-0.278502392,-0.219218339,0.273816961,0.187694715
-0.037889599,-0.149208094,0.08502105,-0.252312531,0.088669247,-0.269986587,0.016109917,-0.116470137,-0.092874163,1.152244462,-0.189702708,0.190665591,4.00831725,0.822847977,-0.216800489,0.339483472,0.145061356
-0.142563024,-0.041824167,0.153185752,0.206990977,0.137493453,-0.178094472,0.125926825,-0.332816548,-0.06214475,0.284960264,-0.185584704,0.444688541,0.73942023,1.02692962,-0.21554679,0.428690808,0.202141335
-0.148014764,-0.080779529,0.183645467,0.485008271,0.186878856,0.147984069,-0.036906355,-0.326867804,-0.035256514,-1.148109994,-0.152549163,-0.173157,-2.622508595,0.637179716,-0.222263038,0.366121774,0.199830137
0.082593874,-0.08017557,0.173886529,0.68049975,0.195296823,0.489117811,-0.16023216,-0.165312453,-0.004115546,-0.980823053,-0.094622576,-0.074040568,-2.821033742,0.642933898,-0.221277988,0.218062376,0.108737741
0.041160644,0.065197384,0.123761076,0.862462406,0.21606114,0.544303432,-0.047486176,-0.168130278,0.035530883,-0.079190966,0.011713433,-0.338895105,-2.051426517,0.448442557,-0.203726193,0.091065822,0.097212486
-0.012266417,-0.135649213,0.052491257,0.767084211,0.245804622,0.318727172,0.031938642,-0.172513563,0.082722482,0.471329366,0.194827335,-0.653159479,-0.680442792,0.331440864,-0.172652352,0.030974769,0.197136582
-0.017990745,-0.189733749,0.008871762,0.253665414,0.237386655,0.013368415,0.012583309,-0.173452839,0.130737189,1.141431238,0.376751591,0.47644141,0.70547329,-0.344100063,-0.132086213,-0.109031188,0.068180908
-0.060514324,0.240164334,0.006505959,-0.40451178,0.204837185,-0.177037083,-0.009408191,-0.249534138,0.16901177,0.562287665,0.430468663,1.056153833,1.054073994,-1.624213677,-0.074326479,-0.389043103,0.108560885
0.029439401,0.431589169,0.026023834,-0.353778697,0.173971308,-0.144006273,0.036062781,-0.278651672,0.192607569,-1.105175133,0.372359054,-0.214702809,1.793171943,-1.8846863,-0.025521743,-0.537721996,0.022674583
0.17609123,0.023192029,0.050716904,-0.072379198,0.159941364,0.022960441,0.063291469,-0.204762015,0.209481309,-0.893999223,0.283593194,-0.382221449,1.348853757,-1.951051195,-0.012178797,-0.421876359,0.119410293
-0.004088806,-0.209090638,0.064615998,0.161669424,0.124024706,0.187887905,-0.003315714,-0.032561544,0.224160091,0.111630639,0.141018752,0.285775819,-0.385770456,-0.148457887,-0.013701146,-0.227974303,0.268741618
-0.242602468,-0.009693543,0.08945693,0.267194236,0.067343732,0.280963289,-0.083092021,0.462123447,0.234448957,0.198136434,0.007046362,0.563539233,-1.606678623,2.937317932,-0.022387494,-0.200716506,-0.013614311
0.184541428,0.222226749,0.141800324,-0.077790727,0.02020312,0.249745146,-0.108539831,0.772710479,0.23115652,0.230576107,-0.059573788,-0.266783449,-0.952233172,3.578333769,-0.033402141,-0.2954993,-0.188475238
0.34754848,0.132206646,0.143870402,-0.056821053,-0.044895821,0.075427062,-0.049677125,0.215407135,0.223199797,-0.511083867,-0.221731626,0.049409838,1.153336567,1.452355451,-0.055610534,-0.310367189,0.226391235
-0.223793962,-0.082561208,0.125979016,0.531006266,-0.115045542,-0.205334819,0.002975941,-0.389799249,0.212362192,-1.447699915,-0.412074913,-0.337411326,2.397341545,-1.03958882,-0.075759279,-0.210628432,0.266415334
-0.121028647,-0.353799237,0.184828369,0.542505765,-0.156012979,-0.423761118,-0.000128879,-0.237323559,0.192196014,0.025760917,-0.389929204,-1.2879201,0.794100587,-1.95373648,-0.096534873,-0.08734885,-0.083067741
0.282672764,-0.350175483,0.238946115,-0.079143609,-0.170604121,-0.327387689,0.087028699,0.169695737,0.167914291,1.34529232,-0.197115115,0.097781031,-2.356948983,-1.158124962,-0.120265616,0.022921329,-0.000392509
-0.078505068,-0.162314007,0.162648964,-0.615561404,-0.199786405,0.041540271,0.093226623,0.199439455,0.150217442,0.593455194,-0.030107183,0.72630978,-2.231474215,-0.410464958,-0.133339913,0.074339447,0.034160988
-0.285398634,-0.000815345,0.029424676,-0.842169173,-0.230652282,0.341385501,0.016309094,0.02129024,0.12346639,1.065420632,0.066437128,0.286962843,0.755749138,-0.009590303,-0.133787663,0.10469472,-0.058733986
-0.049610842,0.356698241,-0.00768886,-0.829316792,-0.216622338,0.438967375,0.037785077,0.069506372,0.092325423,1.260694741,0.062410635,-0.467390359,2.520667773,0.189120771,-0.140414361,0.293021318,-0.294695316
0.156464963,0.399096169,0.080141581,-0.645324812,-0.213816349,0.325071504,0.122365069,0.227930806,0.066123111,-0.301498137,-0.11557864,0.025075864,1.002938729,-0.807119881,-0.139339761,0.488781861,-0.530257438
-0.130841781,0.014525216,0.151559262,0.182639098,-0.25871217,0.037864587,0.135112407,-0.016906955,0.032787186,0.439843801,-0.221457093,1.038645242,-0.112476098,-0.43808503,-0.129399714,0.329571546,-0.288540883
-0.030257162,-0.433401046,0.101877397,0.741379449,-0.30416919,-0.167294001,-0.014551648,-0.454609245,0.003018067,2.142926632,0.021047575,-0.216928478,-1.364752957,1.008132627,-0.114982168,0.193902056,0.203911454
0.230881226,-0.466618796,0.014046956,0.294928321,-0.355799384,-0.211679152,-0.145188427,-0.500946826,-0.019343068,0.405495912,0.330263904,-1.202454434,-1.400848438,1.163879144,-0.086236626,0.326474069,0.262574987
-0.179634861,-0.081021112,-0.003400842,-0.158287218,-0.420898325,-0.275323882,-0.142751436,-0.264875634,-0.052404623,-2.719843953,0.444652898,0.068847342,-0.453449483,1.085238661,-0.069043031,0.017965366,0.160882296
-0.192446452,0.158660054,0.020552915,0.07373208,-0.445591027,-0.417215378,-0.129113659,-0.061052894,-0.094383196,-5.51983298,0.441541518,-0.039023386,-0.411767796,-0.652907812,-0.07172953,-0.619495388,-0.104789025
0.099766858,0.3705893,0.00768886,-0.217814035,-0.43212228,-0.47733548,-0.171995328,0.112713036,-0.108924793,-7.243588151,0.298509519,-1.203641457,-0.150075557,-1.784563539,-0.07208773,-0.567457775,-0.357901323
0.004088806,0.524236494,-0.053674158,-1.150626316,-0.408551974,-0.360015684,-0.113788735,0.347531861,-0.091227944,-5.959994817,0.02223722,0.523032068,0.726958695,-1.625364513,-0.07181908,0.043984173,-0.422765589
-0.237423315,0.388104114,-0.111340609,-1.365734587,-0.368706933,-0.114928084,-0.033356315,0.399818186,-0.071473322,-0.767102855,-0.197664182,0.817858939,1.52546379,-0.660580055,-0.073699629,0.17593669,-0.229164351
-0.032983032,-0.048618707,-0.13825162,-0.871932582,-0.317637936,0.16371902,0.031844912,0.269885103,-0.067632145,6.793249162,-0.285240396,-0.37020284,0.781209344,0.724643277,-0.06984898,-0.316562143,-0.172512709
0.2461461,-0.386775404,-0.152594301,0.210373183,-0.298557212,0.284387214,0.12587996,0.276773121,-0.10124244,10.42013181,-0.262179575,1.692694988,-1.490227725,1.916142493,-0.080774077,-0.612061443,0.006123119
0.11803019,-0.529188958,-0.15910026,1.112745614,-0.28396607,0.202263357,0.201332951,0.168130278,-0.198232149,8.733268819,-0.225300563,0.671558338,-2.390036508,2.353843911,-0.094833423,-0.236027743,0.161737686
0.013629352,-0.140511083,-0.092562047,1.409703258,-0.276109301,0.025553561,0.246979668,-0.221668971,-0.307980052,3.611616923,-0.362201311,-1.79181142,-0.848243809,1.113242345,-0.086147076,0.461524064,0.059359239
-0.096223226,0.538852304,0.118290156,1.043072181,-0.300240805,-0.107979529,0.126770399,-0.325615437,-0.34954707,-0.739433722,-0.679928182,-1.393565159,0.695912284,0.605339911,-0.058476134,0.766315794,-0.1747951
0.067056413,0.525927579,0.298239056,0.20225589,-0.310342365,-0.211679152,0.000175745,0.078586033,-0.265452739,-2.839425492,-1.088983225,0.335927547,1.344126968,-2.172778995,-0.026864992,0.662240569,-0.05216903
-0.052064125,0.179134267,0.161613926,-0.57023985,-0.175654901,-0.268576735,-0.015348357,0.329372538,-0.08999328,-5.407884305,-1.297994795,0.436527757,0.833204025,-5.089765485,0.015313046,0.542677959,0.11058714
-0.151830983,-0.283498399,-0.111044884,-1.463142106,0.05780337,-0.122657092,-0.106055975,-0.042893572,0.048975002,-6.512105329,-0.993811582,0.157725699,-0.028038454,-2.763158033,0.052297185,0.350014894,0.188214128
-0.097586161,-0.347155687,-0.137955894,-1.538903509,0.2514166,0.182777193,-0.186054892,-0.689741161,0.060498531,-4.134468123,0.05362556,0.854953412,0.597723981,-0.4307964,0.07092358,0.191424075,-0.010056215
0.005724328,-0.182546636,-0.014194819,-0.235401504,0.38442047,0.487808663,-0.124474003,-0.9430324,0.043213237,-1.360876084,1.958339581,-0.086207555,0.049738714,1.646463179,0.088117175,0.467099522,-0.435839974
0.083956809,0.077638942,-0.030016127,0.649383459,0.422020721,0.544303432,0.066220545,-0.519106148,0.156390761,1.247019193,3.303188108,-0.49053731,-1.614413369,3.719503025,0.113280718,0.901985284,-0.466207918
-0.091316659,0.137853663,-0.179209586,0.058173935,0.378808493,0.293450546,0.266756787,0.183784867,0.350370179,4.668768619,3.540385127,-0.632238196,-0.856837971,2.642320219,0.144891859,0.882161432,-0.07121999
-0.149105113,-0.22678664,-0.296760429,-0.779936592,0.289578048,0.050653955,0.291361024,0.50345156,0.402911987,5.439687906,2.363917199,-0.335779169,0.526714716,0.448058945,0.1770403,0.307269712,0.37203997
-0.020444028,-0.24569056,-0.271328045,0,0.12065752,-0.048388122,0.128457546,0.218851145,0.085191809,2.029387776,-0.013360635,0.735805965,0.494808889,-0.801749311,0.197815895,-0.061330043,0.359546464
-0.066783826,0.024128166,-0.134850778,0.959869925,-0.099332005,-0.021122599,-0.049278771,-0.289609884,-0.452847283,-0.407404128,-3.181661241,0.558642762,-0.468274413,-1.280497226,0.21411399,0.110889674,0.058150099
-0.115576906,0.101706711,-0.026467422,0.573622055,-0.364217351,-0.004254731,-0.240840325,-0.460244896,-0.675909895,-1.273734218,-4.247583645,-0.09288456,-0.345915029,-1.381003599,0.229247936,0.143103435,-0.500896944
-0.171184663,6.04E-05,-0.046133161,-0.084555138,-0.565126151,-0.115406426,-0.363064798,-0.086100236,-0.412926484,-3.338105955,-2.615023919,0.32301867,1.133569994,-1.891591318,0.239546183,-0.15982981,-0.672811041
0.026440943,0.077729535,-0.095815026,-0.156257895,-0.549412614,-0.12890072,-0.21661101,0.410776397,-0.030729413,-2.632066014,0.379588438,0.443946652,0.713960025,-0.496777683,0.258709878,-0.488162365,-0.56523895
0.194899736,-0.1358304,-0.032825518,0.016234586,-0.309219969,0.042849419,-0.049841153,0.545092765,0.040743909,-0.464014538,3.219729898,-0.316044909,-0.648751819,1.466549099,0.278500422,-0.684542403,-0.148707395
0.080958352,-0.191304043,0.069051879,-0.498537093,0.029182284,0.133558266,-0.008377157,0.449286685,-0.189863872,-0.899405835,2.544011232,-1.144290301,-0.124507925,2.203467964,0.292112018,-0.693215339,0.428454814
-0.005451741,0.171554581,0.126126879,-0.611502757,0.286210861,0.11168039,0.031926926,0.124610523,-0.324853792,0.883504034,-0.292927336,-1.026181499,0.397480002,1.2321621,0.302320715,-0.58294516,0.745294898
-0.055062583,0.454660406,0.13825162,0.326044612,0.356360582,-0.015206257,0.234654117,-0.440520115,-0.115921222,2.843241924,-3.036707508,-0.188143167,-0.030616703,-1.343409612,0.309036963,-0.211247927,0.293838603
0.13738387,0.436662425,0.133224288,0.813758647,0.289578048,-0.325373615,0.210377937,-0.627748991,0.283012404,-0.422669857,-3.087953777,0.921871841,0.298110001,-1.57396049,0.295425367,0.107792197,-0.111117385
0.009540547,0.068579555,0.077775778,-0.406541103,0.233458271,-0.555884356,-0.013684642,0.088291878,0.466154216,-2.110168923,-0.943663447,1.46597357,0.944068718,-0.917983781,0.28476892,-0.19204357,-0.223781494
-0.21479859,0.029201422,-0.089604793,-1.381292732,0.228968689,-0.302312471,-0.057491899,0.817795693,0.196997485,-0.026078953,1.735418309,-0.065286272,0.507700132,0.094752191,0.278948172,-0.56807727,-0.173775453
-0.032983032,0.038713778,-0.209965027,-1.081629324,0.25871217,0.267569698,-0.161544386,0.64340358,-0.318131733,1.264511174,2.602944441,-1.146961103,-1.071692026,1.154288841,0.254411479,-0.553828876,0.149048307
-0.032437858,-0.126589826,-0.0471682,-1.022102507,0.323249914,0.496469181,-0.282128577,-0.141204387,-0.724473342,2.21639295,1.160728002,0.105645059,-1.573591099,1.097130637,0.220740688,-0.358068334,0.489694628
0.013901939,-0.034606856,0.213070143,-1.228417043,0.441101445,0.271094327,-0.175978871,-0.726999081,-0.658761785,2.859779797,-0.477962973,-0.816671916,0.439376542,0.94138412,0.205785842,-0.01610688,0.118492475
0.062967607,-0.108048282,0.223272669,-0.3801599,0.512373561,0.103120576,0.058944721,-0.65592725,0.15803698,1.307127999,-0.737122679,-1.199486876,0.794960003,0.038744823,0.202651593,0.494357319,-0.692704873
-0.061332085,-0.343894308,0.012716192,0.795494737,0.443346236,0.026107431,0.184133418,-0.292740801,1.218201719,-0.428394505,0.205808678,1.009711553,-0.440343386,-0.336427821,0.194233896,0.790476114,-1.041581151
-0.166005509,-0.243395515,-0.22770855,0.870579699,0.315393145,-0.219634743,0.1127577,-0.024108066,1.3526429,-0.565149989,0.864231729,2.015565281,0.817412252,-0.916449332,0.168891253,0.753306391,-0.054290413
-0.028076465,-0.019689066,-0.359454211,0.842169173,0.296873619,-0.526176768,0.073121447,0.176583756,0.577411153,-0.896861547,0.636277341,1.403061344,1.472179985,0.002685285,0.138175611,0.312225675,1.435632203
0.28948744,-0.29751025,-0.281678434,0.949723309,0.425387907,-0.551755505,0.10483748,0.375083936,-0.500313251,-1.529753205,-0.306654016,1.687353384,-0.578172262,-0.079407707,0.112832968,-0.273816961,1.98202409
0.149650287,-0.589101701,-0.123317488,-0.403835338,0.521913923,-0.146549042,0.161122599,0.358803164,-0.63077607,-1.883727284,-1.19037763,0.549740089,-2.292063059,-1.006598179,0.092236474,-0.315942648,1.411367538
-0.009540547,-0.319615153,0.058553627,-1.491552632,0.47252852,0.377336718,0.164496895,-0.034440094,0.098635927,-1.62898044,-0.942199268,-1.638091924,-0.820527636,-0.687816515,0.064028232,-0.263905035,0.180828246
-0.139291979,0.108259668,0.169894236,-0.532359148,0.333912671,0.554675912,0.072793391,-0.505017019,0.331575851,0.821487012,-0.065430505,-2.598987151,0.855226566,0.297682998,0.029461942,-0.392760076,-1.345677852
-0.076051785,0.574244307,-0.01922215,0.211726065,0.177338494,0.248435998,-0.060502989,-0.521297791,-0.488378167,2.365233802,1.063726135,-2.451796282,0.652941473,1.17768918,0.008328148,-0.052037613,-2.606552147
0.145288894,0.350054691,-0.125683291,-0.759643359,0.109994762,-0.132576405,-0.155967426,0.048842316,-1.594088285,1.787680409,1.629265323,-1.463006012,0.776052847,2.131732499,-0.026327693,0.509844704,-2.279377575
0.100312032,-0.101978493,0.055004923,-0.658853634,0.239631446,-0.322453208,-0.09054359,0.738270385,-1.462390802,1.821392226,0.80383434,-0.000296756,0.436905721,1.073730298,-0.076296579,0.689498366,-0.101663322
0.055880344,-0.17348725,0.128788407,0.812405765,0.535943867,-0.397074641,-0.044100165,0.946789501,-0.173264501,-0.277963472,-0.425344036,2.916515839,-1.105638967,-0.18720271,-0.123937165,0.740296988,2.531873245
0.000545174,0.014947988,0.04169728,0.738673684,0.847969826,-0.173814565,-0.040069756,0.480282769,1.116822094,-3.400441013,-0.791388818,3.056584569,-1.059660199,-0.97782727,-0.137548761,0.792954096,3.34223073
0.002998457,0.085913181,-0.110601296,-0.141376191,1.021379936,0.351053055,0.117537952,0.050407774,0.938481752,-1.763827708,-0.711408033,1.854723646,-0.647355268,-2.273285368,-0.109340519,0.58294516,1.739345743
-0.046339797,0.298476584,-0.281234846,-0.016234586,1.056735395,0.738963661,0.174479185,0.008766569,-0.036628362,1.503356217,-0.873016804,-0.922465353,0.79506743,-1.956038153,-0.056685134,0.369838746,-1.089350982
-0.056970692,0.384238776,-0.223124807,0.64397193,1.037654671,0.797573207,0.046431709,-0.28366114,-0.140202946,1.618485252,-0.537170717,-2.796626502,2.050137393,0.023016727,-0.001970099,0.387184617,-2.513469926
0.111760688,0.22280051,0.08339456,0.502595739,0.938883864,0.711773665,-0.020234055,-0.606145659,0.635303171,0.610629138,0.553642732,-2.191244704,0.187675017,0.669019521,0.055252335,0.034072246,-2.06826239
0.038162186,0.064200852,0.237911076,-0.248930326,0.810369575,0.568170206,0.078967882,-0.279904039,1.05316831,-0.940114444,1.340822035,-0.196897462,-1.545660072,1.84479064,0.093131974,-0.787998133,-0.619387694
0.049610842,-0.286759778,0.06091943,-0.597297494,0.723945119,0.137636765,-0.021979784,0.180340857,0.572609682,-1.735522504,0.674254488,1.322937282,-0.486751862,2.687586448,0.096624423,-1.276779994,0.761473481
0.100857206,-0.319252777,-0.200058226,-0.894255138,0.642010245,-0.606538311,-0.362127494,0.192864528,-0.106729835,-0.353974079,-0.280024258,1.957401147,-0.001718832,0.127359221,0.025073993,-1.12686211,1.551280346
0.101129793,-0.043032085,-0.373944755,-0.518153885,0.513495957,-1.054166203,-0.420662144,0.129619991,0.016462185,1.079732252,-0.805298519,2.638158914,0.337965428,-0.57618539,-0.152772257,-0.75082841,1.480230832
-0.056425518,-0.090835448,-0.309624483,0.458627068,0.242437435,-0.884984008,-0.194021978,0.305264472,0.536667244,1.267055462,-1.013578,1.721777055,1.072551442,-0.173009062,-0.32130531,-0.625690341,0.7409028
-0.231153813,-0.275284555,0.065503174,1.141156141,-0.153768188,-0.427789266,-0.020749573,0.415785866,0.138007988,0.173647661,-0.873016804,0.112470442,0.534342035,-1.058002201,-0.253068229,-0.209389441,-0.453875379
-0.150468048,-0.295577581,0.532305702,0.698763659,-0.570176931,-0.090029097,0.133659585,-0.020664057,-0.8790807,-0.073784354,-0.349206722,-3.003168528,-0.311753234,-1.319242049,0.10638537,0.602769012,-1.25422055
-0.017990745,-0.226605452,0.67706328,-1.530109775,-0.830011497,0.011379517,0.268069013,-0.55667716,-0.910633222,-0.823077192,0.244151869,-4.563510436,-0.665940143,-0.427727503,0.430556279,0.531527042,-1.033997791
0.109307404,0.124506167,0.428653953,-2.578593484,-0.805318795,0.03741142,0.21867308,-0.359116256,0.087935507,-1.314442827,0.569931725,-1.623254135,-0.363855342,0.769142282,0.345662903,-0.594715572,-0.136047345
0.237695902,0.243365317,0.101285946,-1.116804261,-0.64088785,0.034566541,0.167074481,0.208519116,0.7829141,1.755240736,0.774916802,1.480811359,0.374705472,1.925732796,-0.074326479,-1.587147183,0.504369057
0.007905024,0.303912216,-0.041549417,0.240813033,-0.402378799,-0.040583586,0.021183076,0.19505617,0.286442026,1.27278011,0.576886576,2.085006134,0.65014837,1.064907219,-0.46288382,-2.153365967,0.865347576
-0.068691935,0.244271256,0.07792364,0.595944612,-0.097648411,-0.12562785,-0.094984069,-0.212589309,-0.692372081,-1.329708556,-0.064240859,1.194887162,1.058800783,-0.365198729,-0.657117716,-2.084601979,1.016543746
0.060514324,-0.07721617,0.337866258,0.706880953,0.083057269,-0.042446604,0.049641976,-0.198187088,-0.522125647,0.409948416,-0.6155043,0.910743499,0.54680357,-0.089381622,-0.611805429,-1.139252018,0.768916416
0.099221684,-0.326258703,0.304597152,0.474861654,0.046579415,0.178295879,0.124192812,0.299315729,0.637635314,0.951881776,-0.602875755,0.430592642,-0.575164305,1.147383823,-0.436197928,-0.457807091,-0.274725776
-0.18345108,-0.231437125,-0.042732319,0.42345213,-0.126269498,0.382371902,-0.187507714,0.494371899,0.994590367,-0.741659974,0.423879857,0.019585882,-1.091028891,-0.355608427,-0.551896495,-0.80720249,-1.385629211
-0.137111283,0.09183198,-0.173147216,0.669000251,-0.333912671,0.490628367,-0.347318087,0.073576565,0.233763033,-0.621124326,1.290307855,0.698563114,-0.031476119,-0.731931907,-1.033048511,-1.160314861,-0.965715456
0.203077347,0.33870026,0.022622992,0.714321805,-0.505639188,0.428796302,-0.018347731,-0.130872358,-0.395778374,0.219126811,0.59939833,0.304174678,0.93676368,-0.220576964,-0.977527526,-0.252134623,0.180969875
0.173092772,-0.017696001,0.156143006,-0.347690727,-0.588696457,0.28781114,0.268162744,0.212902401,-0.061458825,0.299907957,-0.423239279,-0.063950871,0.23419092,-0.159582638,-0.227546486,1.269965544,0.792049655
0.073871089,-0.319977528,0.072748446,-1.009250126,-0.549973811,0.066640665,0.205925742,0.243898486,0.598949178,1.042840075,-0.78699628,-0.956889023,-0.42283278,0.066364895,0.926663141,1.532631589,0.269510064
-0.017990745,-0.492709829,0.012864054,0.421422807,-0.450641807,-0.353570648,0.04608022,-0.347531861,0.400717029,1.053653299,-0.734743388,-2.232790514,0.0039748,1.107488164,1.60545195,0.887117395,-0.317524756
-0.25078008,-0.541992891,0.129823446,1.456377695,-0.378247295,-0.74359603,-0.0343522,-0.592369622,-0.677967668,-0.710810481,-0.464876873,-1.204680103,-0.066175049,1.473454117,1.185641668,0.927384595,-0.616769768
-0.055880344,-0.089808717,0.193847993,0.593238847,-0.424826709,-0.767160693,-0.154514604,-0.227304622,-1.10461264,-1.42416525,0.018302239,1.110015008,-1.176970513,1.267454414,-0.128772864,1.381474714,-0.64060072
0.174455708,0.523511743,-0.056927138,0.376101253,-0.566248547,-0.412583009,-0.256024654,0.004070193,-0.373417239,-1.104221025,0.289815956,2.132487059,-0.616738565,-0.411999407,-1.062062703,1.510329755,-0.658946264
0.13274989,0.81087548,-0.292915999,0.548593734,-0.680171693,0.132148414,-0.100853936,-0.149031681,0.388233205,-1.418440602,0.254401123,0.59187941,1.400848438,-2.112551894,-0.588791085,1.815121485,0.088937352
-0.184268841,0.609153142,-0.146236205,0.386924311,-0.646499827,0.604121423,0.035676143,-0.09925009,0.494963041,-0.795090024,0.265473978,-1.949685497,2.217723555,-1.79377023,0.127608714,2.403022608,1.290432187
-0.070600044,0.330365625,0.039035751,0.702822306,-0.462988158,0.795559133,0.047615056,0.191612161,0.130874374,0.300862065,0.351036945,-2.268401208,0.421436229,-0.334126148,0.388915541,2.377623297,1.607866068
0.170366902,0.010327701,0.17669592,0.818493735,-0.320443925,0.673909078,0.091387164,-0.016906955,0.038960505,0.556244981,0.352684147,-1.209576573,-1.54136299,1.308117298,0.942065736,1.429175859,0.333757263
-0.034618554,-0.435937674,0.259351167,0.373395489,-0.306975178,0.196775006,0.153530435,-0.532256003,0.27052858,0.500906715,0.343533027,1.059269769,-1.913060506,1.859751513,1.436381598,0.296118795,-1.258751067
-0.20743874,0.044330598,-0.018187111,-0.396394486,-0.290139245,-0.595561609,0.122693125,-0.420482242,0.086838028,0.131030836,-0.072385356,1.155121887,-0.886058123,1.715896971,0.616193377,-0.398335534,-2.172648034
0.034345967,0.418302069,-0.313468913,-0.440363158,-0.128514289,-1.030802948,0.047802516,0.127428349,-0.476717452,0.334255846,-0.585763162,0.381776315,0.507377851,0.552785052,-1.026600913,-0.168502745,-1.262683373
-0.001362935,0.022859852,-0.14815842,0.547917293,0.104943982,-0.722347552,-0.008857525,0.441772482,-0.67014813,1.341475888,-0.618981726,0.267970472,2.241357502,-1.630735083,-1.659540135,0.822689875,0.586488486
-0.266590128,-0.123056665,0.048498964,0.890196491,0.083057269,-0.34652139,-0.059577401,0.481848228,-0.395092449,1.404128982,-0.395694409,1.188803668,1.299437325,-1.875479609,-2.173556991,0.73596052,1.383286117
-0.091044072,-0.079269631,-0.100103044,0.231342857,-0.136371057,-0.085144968,-0.22649957,0.416725141,-0.031415337,0.994498602,-0.215325843,1.892708386,-1.843447792,-0.868881431,-3.35561666,-1.234654307,0.895882024
-0.067601587,-0.341116096,-0.231848706,-0.052762406,-0.310903563,0.317518727,-0.424786283,0.046963765,0.127856307,0.625258795,0.013543657,-0.184582097,-2.914280402,0.949823586,-3.461643831,-3.235004914,0.131026864
-0.158645659,-0.516626609,-0.115628627,-0.356484461,-0.354676989,0.500497328,-0.349848808,-0.654674883,0.032375631,-0.158381933,0.241132,-2.836985289,-0.872629744,1.474988566,-0.550195046,-4.171681939,-0.639596479
-0.046612384,-0.560232456,0.004435881,-0.88343208,-0.286210861,0.307448359,0.004276451,-0.989683073,0.239524797,-0.878415458,0.134612968,-1.501584264,1.408583184,0.233236163,3.908677306,-4.374256931,-0.977558914
0.02398766,-0.423254533,0.069199741,-0.788053885,-0.259273368,0.122254277,0.19988013,-0.577028125,0.441049384,-2.261872099,0.217888156,-0.505078343,0.760798209,-0.875402837,4.948889814,-3.840871403,-0.408692581
-0.101674967,-0.130062591,0.095519301,0.369336842,-0.251977797,-0.020694608,0.191959909,0.074202749,0.137596433,-2.238337434,0.872284714,0.712065502,-0.371375234,-1.384072495,0.688728857,-2.832332912,0.548390739
-0.159736007,0.354161613,-0.186159133,1.383322055,-0.066221336,-0.142143255,0.305701779,0.419542967,-0.21990736,0.012085368,0.838608594,1.775193096,0.33538718,-0.507902435,-4.547705927,-1.538207047,1.021627137
0.008177611,0.505996929,-0.416381349,1.436084462,0.242437435,0.125854434,0.336164167,0.38823379,-0.461215561,0.575963213,-0.034042165,-0.371983374,0.563239905,0.296148549,-3.675130971,0.249656641,0.5567011
-0.061877259,0.562889876,-0.242938408,1.096511028,0.340647044,0.495864958,0.085095509,0.127741441,-0.475894343,-0.213402162,-1.032246284,-1.845820972,-0.763054176,1.769986279,1.333578227,1.812024008,-0.751350432
-0.199261129,0.656020368,-0.069495467,0.363925313,0.003928384,0.382271199,-0.083209184,-0.328120171,-0.128267861,0.35301997,-1.353999647,0.186214254,-1.308890903,1.898879948,5.446071275,2.501522375,-1.409005988
0.155102028,0.496454375,0.060771568,0.078467168,-0.418653534,0.092420809,0.050544131,-0.628375175,0.179163451,0.33870835,-1.133274644,1.499803729,-0.173387222,0.129277281,5.057782584,2.834810893,-0.623535853
0.403973998,0.171886758,0.131449936,0.400453133,-0.454008993,0.020669432,0.062647072,-0.32968563,0.514443293,-0.536208712,-0.184669592,0.803763039,1.529760871,-1.497238068,1.826103089,2.93331066,0.711762172
-0.016082636,-0.283860774,0.006505959,0.320633083,-0.044895821,-0.190506201,-0.200442512,0.13650801,0.644357373,0.288140625,0.978437701,1.126336576,1.355729087,-1.598895277,-0.554672545,2.561613427,1.645786077
-0.240149185,-0.386413028,-0.048942552,-0.46606792,0.570738129,-0.482572072,-0.252181706,0.017220047,-0.188492023,1.398086298,1.478820917,0.290820668,-1.24142673,-1.30850091,-1.014422116,1.461389619,0.563193156
-0.133295064,-0.115960146,0.066538213,-0.278693734,0.964698961,-0.240782517,-0.171761002,-0.386042148,-0.947261584,0.38895804,1.338625766,-1.535414423,-2.484142584,-0.543961973,-0.75078699,-0.358687829,-1.600080496
-0.016900397,0.189008999,-0.019517876,0.802935589,0.888376065,0.256492293,-0.129582312,-0.163746994,-0.583584472,-0.274465076,0.516672209,-1.007337507,-1.34369726,0.596900444,-1.193163866,-1.149783439,-2.110557646
0.015810049,0.090684458,-0.195030895,0.825934587,0.39452203,0.359310758,-0.025553257,0.359116256,0.39481808,-0.434119153,-0.361743755,-1.684385826,0.681839343,1.32307817,-1.332503627,-0.218062376,-0.293922136
0.073325915,-0.192662951,-0.061806606,0.203608772,-0.171726517,0.287408325,0.104228232,0.291175343,0.999940578,-1.221576312,-0.800539937,-1.105712049,2.637118671,1.573193266,-1.10827049,0.073100456,1.84508308
0.00272587,-0.300288462,0.090639832,0.219166917,-0.543239438,0.258103552,0.280207103,-0.105511925,0.638595608,-1.48395602,-1.013944045,0.878100363,2.335893286,0.143470929,-0.917349943,-0.678966945,2.680386894
-0.209346849,-0.185717421,0.17832241,0.649383459,-0.647061025,0.086076477,0.350083135,-0.232940274,-0.155018912,-0.055338266,-0.733187697,2.162756149,0.874778285,-1.225257082,-0.656849066,-0.604008003,1.058197058
-0.174455708,0.056137998,0.154072928,0.296281203,-0.565687349,-0.121096185,0.212393141,0.008140386,-0.58070359,0.86633009,0.005033116,1.346084233,-0.475686878,-1.077950031,-0.338230255,0.003097477,-1.451453705
-0.030257162,0.060003336,-0.182758291,-0.110936341,-0.38442047,-0.239976888,-0.046876928,0.386042148,-0.537078798,0.782368583,0.412898514,0.44053396,-1.583044677,-0.604572686,0.504255909,-0.023540825,-2.12749292
0.069237109,-0.278425142,-0.380746439,-0.094025313,-0.149278606,-0.310872284,-0.264882179,0.24640322,-0.446948333,0.194638038,0.324224165,-1.509893426,-1.836142754,0.958646665,1.390532011,-0.522854107,-0.810683673
-0.156464963,-0.379407103,-0.074670661,-0.081849373,0.213255151,-0.356188944,-0.126301747,-0.236697375,-0.14623908,-0.372738203,-0.036146922,-2.264246627,-0.763698738,1.142396866,1.826819489,-0.515420162,0.086068185
-0.213708242,-0.134229909,0.170042099,0.645324812,0.441101445,-0.397779567,-0.025119754,-0.08516096,0.240759461,0.186051066,-0.312968288,0.547959554,0.818164241,0.637179716,2.066455221,0.254612604,-0.205433944
0.041705818,0.292799369,0.093153498,1.172948872,0.283404872,-0.334940465,-0.157420248,0.371013743,0.199741183,0.189549462,-0.21431922,1.906359152,2.61004706,-1.025395172,1.222894458,0.523473602,-0.624085918
0.140927501,0.704820263,0.130267034,0.463362156,-0.177338494,-0.127717452,-0.137783724,0.079525309,-0.05116996,0.495182067,0.036055411,0.019289126,1.864503489,-1.257480499,-1.082121897,-0.053276603,0.21882597
-0.109852578,0.230591582,0.208042812,-0.363248872,-0.767718545,-0.072506655,0.099635441,-0.605519476,-0.022635505,-0.105905991,-0.027270336,-0.882996833,-0.132027817,-0.970155028,-1.67959933,0.156732333,2.155316761
-0.212617894,-0.386413028,0.218245338,-0.612179198,-0.803635202,-0.266965476,0.146594384,-0.791182893,0.041978573,-1.584773435,-0.360737132,-0.581196202,-1.739458429,-0.779499809,-0.67878881,0.680825431,3.016777369
0.152921331,-0.369864549,0.159987436,-0.439010276,-0.333912671,-0.392240864,0.095968238,-0.231687907,0.063379414,0.103043667,-0.236922485,-0.195562061,-1.597654753,1.281648062,-0.418556583,-0.418159387,1.028893537
0.135748348,-0.169923891,-0.061658744,0.455921303,0.034233064,-0.303823026,0.211127781,0.505956294,0.201387401,1.094679945,0.617243013,0.830767816,-0.188856714,1.308117298,-0.526822502,-1.471921041,-2.173425187
-0.162189291,0.039891498,-0.229926491,0.442392481,0.129075486,-0.020291793,0.196412104,0.709152851,0.109061978,0.047387365,1.183788823,0.822755409,0.505121883,0.649071691,0.126892314,-0.257090586,-3.043637091
0.190538343,-0.148936313,-0.117550842,-1.097187469,0.14815621,0.261124662,-0.184930127,0.589551796,0.062556304,0.80335896,0.716990216,-0.755985358,0.238273147,-0.009590303,0.845351763,1.764322864,-1.156409612
0.264954606,-0.125140324,0.110897021,-1.255474687,0.194735625,0.411374564,-0.455342401,0.507208661,0.184376476,0.512356011,-0.184578081,-1.012679111,0.465588737,-1.036136311,0.527359802,2.327444171,1.145005083
-0.021806963,0.114057675,0.044210946,0.311839348,0.303046794,0.486700923,-0.153342974,0.190985977,0.170520804,-1.876730492,-0.956108969,-0.300020097,0.400487958,-1.336120982,0.440138127,1.543782506,1.634882264
-0.085592332,0.227632183,-0.150228498,0.461332832,0.416969941,0.492743144,0.220594553,-0.429248812,0.086289288,-1.636613305,-1.166584719,0.886261147,-0.360417677,-0.808654329,0.010745997,0.297977281,0.894094211
-0.245600926,0.130696748,-0.256985364,-1.423908522,0.434928269,0.321546875,0.211643298,-0.61334677,-0.065574372,0.329803342,-0.603058778,1.620880089,-0.824180155,-0.275433495,-2.076843019,-1.041371746,-0.167435056
-0.019626267,-0.140994251,-0.156586594,-1.651192732,0.190246043,0.090834726,-0.080491002,-0.108642843,-0.194116603,0.266514176,0.697589842,2.036338185,0.369011839,-0.003452509,-2.659634255,-1.174563255,-0.735668151
0.30148127,-0.197856999,0.175660882,-0.271929323,-0.317076738,0.054782806,-0.209393768,0.262997084,-0.098361558,0.766784819,1.153407107,0.033533404,1.543511531,1.110557061,-0.196830845,0.257710081,-0.265384935
0.070600044,0.00383514,0.312286012,-0.121759399,-0.740781052,0.134968117,0.023081117,0.253291239,-0.048151892,1.7390209,0.417931629,-2.061265671,0.650363224,1.072963074,3.630714183,0.853664644,1.294291873
0.117757603,0.300530045,0.236284586,-0.579033584,-0.832256288,0.131418312,0.232498317,0.315909592,-0.172715762,-0.400407336,-0.215051309,-1.699817127,-1.1709546,0.228249206,3.102011131,-0.450992642,1.689898434
-0.049610842,0.451640611,0.158213084,-0.096731078,-0.502833199,0.042924947,0.218719945,0.348784228,-0.368204213,-1.108673529,-0.026538247,-0.390085477,-1.824110927,0.676691763,-1.667062333,-1.347402468,0.272168072
-0.196807845,0.218633192,0.130414897,-0.100789724,0.055558579,-0.04889164,0.052910824,0.086726419,-0.389742239,0.338072278,0.158131346,1.454103338,-1.542222407,-0.711984077,-4.304129995,-0.766315794,-1.45547508
-0.300936096,-0.191032262,-0.060032254,-0.75423183,0.536505065,-0.029531356,-0.077632224,-0.172513563,-0.047740338,-0.448430773,0.131501588,0.906588918,-0.235480044,-1.367577175,-2.425013321,-0.159210315,-2.085203281
0.005179154,0.095908704,-0.295281802,-1.233828572,0.626857905,0.105235354,-0.034633392,-0.241706844,0.312369968,-0.428712541,-0.002562313,-1.203047946,1.742036678,-0.740371374,0.129578814,-0.110889674,-0.757814402
0.160281181,0.392090244,-0.096110752,-0.659530075,0.228407491,0.192646155,-0.122880586,-0.288044425,0.423626904,0.596635554,-0.383340397,-1.576960233,2.415818994,-0.453813127,1.639480941,0.26452453,1.57451108
0.016900397,0.065227582,0.18601127,0.462009273,-0.264885346,0.171548732,-0.295485162,-0.154354241,0.127307567,0.037528249,-0.636551875,-1.310473539,1.50741605,-0.284640186,1.191014667,1.711665756,2.030191123
0.14746959,-0.395230831,0.099511594,0.213078947,-0.488242057,0.161453187,-0.161169464,0.402009828,-0.158860089,0.030213421,-0.417657096,-0.300910364,-1.197166794,0.865812534,-0.258262128,2.346648528,0.499966929
0.181270384,-0.291833034,-0.116220078,-0.353102256,-0.413602754,0.149620504,0.004147571,0.748915505,-0.034982144,0.266514176,-0.294025471,2.420933681,-2.626805676,0.503682701,-0.779801182,0.0402672,-0.965847054
-0.07005487,-0.246747488,-0.103208161,-0.105524812,-0.046579415,-0.060321509,-0.107930584,0.272702928,0.19713467,-0.65992472,-0.19748116,2.669021515,-2.11674215,-0.124290324,1.381577013,-2.818704013,-1.482109319
0.015264874,-0.161559058,0.04007079,-0.616914286,0.504516792,-0.444707485,-0.275708043,-0.474647118,-0.038137396,-0.229303963,0.070646643,1.365076603,-0.761013063,-0.016111709,2.506682898,-2.398066645,-0.884024524
-0.002180696,-0.071478559,0.03622636,-1.200682958,0.880519296,-0.571493428,-0.191959909,-0.626809716,-0.621721868,-0.310085109,0.302444501,-0.033681781,1.315336525,-0.518259962,0.115967218,1.097126331,0.524206718
-0.047157558,-0.275284555,-0.084725324,-0.635178196,0.858632583,-0.299190656,0.122130743,-0.143396029,-0.733527544,-0.535254604,0.390112226,-1.321156747,1.682736959,-0.227481982,-2.863808198,2.963046438,1.361975997
-0.355180917,-0.167810034,0.039035751,-0.232019298,0.586451666,-0.074797664,0.365361194,0.269572011,-0.159820383,-0.103361703,0.603882378,-0.727348425,0.677864543,0.502915477,-1.883415073,0.371697233,0.573654028
-0.088590789,0.054326121,0.191777915,-0.731909273,0.487119662,-0.108986566,0.513080342,0.159676801,0.32060106,-0.667557584,0.512737228,-0.237107871,-0.846847258,-0.348703409,1.011198317,-2.236378349,-0.62443979
0.545446673,0.238684634,0,-0.261782707,0.487680859,-0.057652861,0.523015767,-0.055417243,0.040881094,-0.170467301,0.123906159,-0.686841261,-1.563278104,0.063295998,1.71327012,-1.073585507,-0.604961215
0.11067034,0.427119871,-0.195770208,0.529653384,0.293506432,0.090054273,0.312872156,0.21446786,-0.490847494,0.986229665,0.001647202,-0.746637551,-1.061379032,0.672088418,0.457063072,0.285587374,0.249792125
-0.249417145,0.098535926,-0.22001969,0.574974937,-0.056119777,0.063518851,0.050766741,0.625870441,-0.488103797,1.449926167,-0.102034983,0.874390916,-0.348063569,-0.16533682,-0.604730981,-0.484445393,-0.019555933
-0.130296607,-0.234275733,-0.240129017,0.677793985,-0.51012877,-0.020946367,-0.224765557,0.314344133,0.139379836,1.458831175,-0.360737132,1.145477324,1.005087269,-0.407396062,-0.112922518,-0.846230699,-0.706170843
-0.059423975,-0.159082825,-0.081620208,0.211049624,-0.833939881,-0.114046926,-0.429285343,-0.33688674,0.656704012,0.240435223,-0.457555977,-0.827948636,1.441670709,-0.214822782,-0.239904383,0.517898144,-1.19239697
-0.04606721,-0.219146557,0.065503174,-0.974075188,-0.985463278,-0.199619885,-0.351864013,-0.509087212,0.30962627,-1.465509932,-0.226124164,-1.369231184,1.00723581,-0.79791319,-1.042719908,2.53435563,-0.709267419
0.149650287,-0.108501251,-0.035191321,-1.1404797,-0.901844811,-0.218829113,-0.153249244,-0.301194279,-0.30962627,-1.039977751,0.116493752,-0.373467153,-0.171238682,-0.65981283,-0.458048122,3.241199867,1.292417397
0.213980829,0.171071413,0.016560622,-0.750173183,-0.465794146,-0.175199241,-0.132206763,-0.038510287,-0.335828582,0.136755484,0.076960915,0.612355559,-2.061739512,-0.012275588,1.029108312,1.865920107,2.106505377
-0.119120538,0.17997981,0.212774418,-0.485008271,0.012346351,-0.040784994,-0.189522918,0.214154768,0.268196437,0.482778662,-0.009425653,1.819112952,-1.834423921,0.332975312,0.89299235,-0.310986685,0.044601879
-0.125117453,0.227632183,0.221054729,0.035851378,0.381614481,0.152767494,-0.087497351,0.230748632,0.776192041,-0.179372309,0.009059608,0.834032129,0.122359384,0.812874063,-0.274202023,-1.533870579,-0.663309474
0.047430146,0.309831015,-0.067721114,0.250283208,0.528648296,0.350046019,0.162856612,-0.144022212,0.195625636,-0.396590904,0.068450374,-0.186362632,1.548668028,0.391667965,-0.547329447,-1.540065533,-0.235846904
-0.185086602,-0.079179037,-0.310511659,0.31251579,0.449519411,0.408152046,0.249885311,-0.331877272,-0.416904845,-0.330121378,-0.05435765,1.452322804,1.130132329,-0.393969638,-0.353185101,-1.596439614,-0.871820374
-0.152648744,-0.290745908,-0.211295791,0.5398,0.310903563,0.273712623,0.181790158,-0.046963765,-0.120585508,-0.183824813,-0.204893566,0.490834066,0.209912412,-0.483734872,-0.649774618,-2.170711838,-0.879552985
-0.020444028,-0.264171708,-0.12730978,0.261106266,0.154329386,0.135068821,0.100291554,0.17376593,0.300983623,0.768693035,-0.166733398,-2.03040307,-1.482492979,-0.744974719,-0.708519402,-2.248148761,-0.302297132
-0.093769943,-0.401874381,-0.083098835,-0.219843358,-0.018519526,0.037486948,-0.048165722,-0.060426711,0.398796441,0.339344422,-0.103133117,-2.44704819,-1.400848438,-0.387831844,1.021227914,-1.368465311,0.695747285
-0.113668797,-0.163461529,0.103503886,-0.712292481,-0.248049413,-0.012562785,-0.026900632,-0.360681715,0.128130676,-0.602678238,0.025531624,-1.251715894,-0.266096747,0.163418759,3.242425492,-0.035311237,1.819194699
-0.050973777,0.319131985,0.163536141,-0.383542105,-0.222234316,-0.007275841,0.054937745,-0.210710759,0.004801471,-0.083961506,0.284142262,0.812962469,1.167087227,0.092834131,3.372810256,1.114472202,-0.029826123
0.259230278,0.238805426,0.110009845,0.073055639,0.259834566,-0.047078974,0.032536174,0.296497903,0.296593707,-0.004134468,0.510998515,1.744924006,1.480774147,-0.03452509,1.079256298,0.510464199,-2.718278817
0.269861173,-0.027389545,0.170042099,0.241489474,0.681855287,-0.127012526,0.115147826,0.439893932,0.361482154,-0.118945468,0.234360171,0.654940014,0.735982565,-0.011124751,-1.685688728,-1.544402001,-1.998501578
0.057243279,-0.069123118,0.167380571,0.470126567,0.530893087,-0.14513919,0.11050817,-0.041015021,0.037039917,0.68854796,0.095903733,-0.621703366,-0.291556953,-0.659045606,-2.351582342,-1.600776081,1.128523984
-0.172002424,-0.15769372,0.07023478,0.893578697,0.031988273,-0.124771869,-0.025752434,-0.405453837,-0.242268495,-0.067423634,0.205442634,0.158467588,-0.829014371,-0.246662587,-0.622461876,0.916233678,2.653644326
-0.099494271,-0.052755827,0.027354599,0.45389198,-0.275548103,-0.131267257,-0.083689553,-0.200065639,-0.392074382,-0.825939517,-0.015373881,0.681796412,-0.580320802,0.583857632,1.182417869,2.720823742,1.205568047
-0.083684222,0.496816751,0.0757057,-0.370013283,-0.323811111,-0.13625209,-0.08937196,0.16312081,-0.246109672,0.305950641,-0.279017635,-0.732986785,0.140407125,0.658661994,0.932394339,2.113098767,-1.006693122
0.087773028,0.708685601,0.109418394,-0.060879699,-0.167236934,-0.23020863,-0.10933654,0.360055531,0.212499376,0.401361444,-0.035140299,-0.350616958,0.875637701,0.524781367,-0.481689315,0.526571079,-2.01811456
-0.095950639,0.311038934,0.047316062,0.411952632,0.240192644,-0.40905838,-0.184461475,0.488110064,0.366283625,-0.076646678,-0.134887502,1.126336576,1.20490154,-0.021482278,-1.96401005,-0.27939242,-1.409383531
0.058606214,-0.077578546,-0.038000713,0.28816391,0.529770692,-0.438363153,-0.140126984,0.283034957,0.150491811,0.166332833,-0.484185735,1.118917681,0.626192143,-0.962099174,-1.480440185,-0.213725909,0.224499066
0.139291979,-0.268037046,0.057075,0.280046617,0.365339746,-0.24712685,0.184274014,-0.189107427,-0.094931936,-0.837070777,-0.44401232,0.738328389,-0.69462316,-1.001611221,-0.057938834,0.346297922,1.490896324
-0.079595417,-0.551535445,0.156882319,0.645324812,-0.143105431,0.029153718,0.359174986,-0.327493988,0.021538026,-1.06796492,-0.189245152,-0.893383286,-1.806492894,-0.482584035,1.338234825,0.716136668,0.531036998
-0.103855663,-0.465169294,0.00931535,0.18399198,-0.560636569,0.139197672,0.203395021,-0.147779314,0.593873338,0.289094733,0.272794873,-2.801968106,-1.240567313,0.155746517,1.081763697,0.269480494,-0.946053125
-0.14201785,-0.116443313,-0.178618135,-0.298986967,-0.535943867,0.10636827,0.040409529,0.035066278,0.843138262,0.482460626,0.818110087,-2.266027162,-0.167049028,0.893432606,0.065102832,-0.367360765,-1.312915057
0.152376157,0.007791072,-0.179801037,-0.33754411,-0.133565068,0.128321674,-0.001640282,0.185037234,0.402911987,0.558153197,1.083492553,0.235475714,1.644492937,0.951358035,-0.49825606,-0.176556185,-0.38195206
0.287579331,0.085007243,-0.003105117,-0.167080952,0.26376295,0.13748571,-0.108680427,0.032248452,-0.256398537,0.861241514,0.760275011,2.464853537,2.006307165,0.594598772,-0.5352402,0.949686429,1.221307701
-0.072780741,0.191726814,0.028241775,-0.180609774,0.230091084,0.127012526,-0.255227945,-0.469011466,-0.724610527,0.435073261,0.130403453,2.204301959,0.64005023,0.337578657,-0.614850128,1.432273336,1.595635036
-0.216979286,0.156274416,-0.157917358,-0.780613033,-0.172848912,0.167193298,-0.320089399,-0.595500539,-0.605945607,0.791591628,-0.372908121,0.510568325,-0.832022328,-0.184901037,-0.003761099,-0.094163299,-0.097336301
-0.153193918,0.102129483,-0.253584522,-0.387600752,-0.612827961,0.2075503,-0.264272931,-0.147779314,-0.04554538,0.684413492,-0.410244689,-0.781803111,-1.051066037,-0.692036248,1.546707167,-1.440946271,-0.671411604
0.276403262,0.118466576,-0.05870149,1.24532807,-0.904089602,0.417618193,-0.089618002,0.095179897,0.200701477,-0.777598043,-0.187689462,-0.807175731,0.270286401,-0.564677027,1.574646759,-0.790476114,0.161110106
0.491474439,0.082621604,0.095075713,1.397527319,-0.799706818,0.73976929,0.157420248,-0.169695737,0.188080468,-0.955380172,-0.12170989,-0.757617515,1.274943962,-0.064063222,0.193607046,-0.106553207,-0.321720861
-0.071690392,-0.119130931,-0.134259327,0.926724311,-0.488242057,0.771692359,0.096870393,-0.247655587,0.089581726,-1.016443086,-0.004850093,-0.008605918,0.613086046,0.029538133,-0.832814767,-1.212352473,-0.853966719
-0.241784707,-0.120429443,-0.34895596,0.624355138,-0.298557212,0.358605832,-0.108961618,0.15779825,-0.313604632,-0.930255328,0,0.307438992,-1.130991745,0.473760957,-0.241426732,-2.894901946,0.108190203
-0.139564566,0.097660186,-0.19917105,0.058850376,-0.156574177,-0.226885408,-0.091434029,0.332816548,-0.51293426,0.655154179,-0.18219879,-0.665326466,-1.365612373,0.740754986,0.387214092,-2.334878116,0.380280479
0.083139048,0.185566432,0.007984586,-0.160992982,0.001683593,-0.624060753,0.167261942,-0.181906316,-0.188354838,1.114716213,-0.346186852,-0.159654611,-0.620713365,0.24359369,-0.718728099,-0.393379571,0.105026344
0.039525121,0.108138876,-0.085464638,-0.388953634,0.176216099,-0.592137684,0.259445814,-0.300255004,0.317034254,0.471647402,-0.378581815,0.496027292,0.232794369,0.041046496,-1.623720145,0.17593669,0.681633754
-0.164369987,-0.093976035,-0.0285375,-0.433598747,0.143666628,-0.179730907,0.074656283,0.243898486,0.523085941,-0.136437448,-0.253119966,-0.313077351,0.405322175,-0.162267923,-0.957110132,-0.042125686,0.349744988
0.005996915,-0.34135768,0.154812242,0.02435188,-0.156012979,0.284689325,-0.099073058,0.43081427,0.201250216,-0.734981218,-0.213404108,-0.745005394,0.865861842,-0.03452509,-0.093221524,0.562501812,-0.89397826
0.160008594,0.002264847,-0.04938614,0.466744361,-0.387787657,0.502712809,-0.066443154,0.056356518,-0.203993914,-0.535890676,0.047951866,-0.647669497,1.371198579,0.022633115,0.187159448,1.584669201,-0.375756943
0.110125165,0.40706843,-0.356349095,0.861785965,-0.159380166,0.507949401,0.17129235,-0.248907954,-0.319229212,0.93566194,0.515482564,-0.032049625,-0.024600789,0.014193648,-0.130832513,1.448380216,0.817364299
-0.163279639,0.133203178,-0.375571245,0.60744411,0.205398383,0.38559442,0.180196741,-0.265501818,-0.2930269,0.931527472,0.538726407,0.049113082,-1.57788818,0.483351259,-0.102266071,0.03221376,0.738804848
-0.355453504,-0.196830269,-0.183201879,0.346337845,0.244121029,-0.000201407,-0.08784884,-0.06387072,-0.178477527,0.020672341,0.063783303,0.412935673,-0.926450685,0.048335126,0.021850194,-0.900746293,0.157416724
-0.048247907,-0.246656894,0.013899093,0.057497494,0.098209609,-0.528895768,-0.208175272,0.118974871,0.031689707,-0.396590904,-0.129579853,0.787441471,0.511137797,-0.17991408,-0.349603102,-0.043984173,-0.348245889
0.288942266,-0.175389721,0.137660169,0.271929323,-0.083618467,-0.882567119,-0.21094032,0.09580608,0.188492023,-0.217854666,-0.041637594,0.396465727,1.431357714,-0.030305357,-0.24841163,1.155978393,-0.01427579
0.195990084,-0.040374665,0.044358808,0.57632782,0.013468746,-0.776123321,-0.208175272,0.201318006,0.018382774,-0.070285958,-0.051978359,0.261886979,0.671956057,-0.148841499,0.338678005,0.649231166,0.302640853
0.123481931,0.007760874,-0.186898446,-0.031116291,0.418653534,-0.248637405,-0.182868058,0.408271663,-0.263257781,-0.19209375,0.07805905,0.166034861,0.028683016,-0.268144865,0.128593764,0.009292431,-0.047883495
-0.09404253,0.089385946,-0.121395273,-0.353102256,0.805879993,0.30885821,0.02750988,0.164686269,-0.438031316,-0.233756467,0.141293286,-0.397801128,0.067356746,0.002685285,-0.246083331,1.326339625,-0.27234577
-0.127570736,0.115809156,-0.012272604,-0.186697744,0.707670384,0.413791453,0.207331698,-0.191299069,-0.425821862,-0.027351097,-0.119147576,-0.77764853,-0.538746543,0.464937878,-0.025700843,2.007165056,-0.741314847
0.120210886,0.069938463,-0.191925778,0.432245865,0.291822839,0.030764977,0.226640166,-0.095492989,-0.076823532,-0.090640263,-0.18604226,-0.837148065,-0.935044847,0.332208088,-0.398318288,-0.214964899,-1.174715035
-0.153739092,0.007640083,-0.286262177,0.608796993,0.1257083,-0.421142822,0.325291437,-0.067627822,0.222239503,-0.309449037,0.044931997,-0.057570622,0.063919081,0.153061232,-1.021227914,-1.694319885,0.947866214
-0.178271926,-0.033127156,-0.091970596,0.236754386,0.301924399,-0.61388968,0.311747391,-0.218538053,0.231842444,-0.5228512,-0.195650936,0.872610381,1.48464152,-0.067515731,-0.861470759,0.055754585,2.914359282
0.030802336,0.214163895,0.054413472,-0.285458145,0.595992028,-0.534937989,0.046279397,-0.135881827,0.114823743,0.293547237,-0.607908871,0.5785254,1.099623053,-0.114700021,-0.520016704,1.488027921,1.593527054
0.038434773,0.22914208,0.107939767,-0.349043609,0.752566205,-0.235747333,-0.18558624,0.042893572,-0.207423536,0.374328383,-0.463961761,-0.261738601,-0.229034423,-0.031456193,-0.217695989,0.276914438,-0.594006849
0.081230939,-0.002597024,0.187489897,-0.406541103,0.718894339,0.151584226,-0.218907406,0.109269026,-0.493179637,0.194956074,0.028368471,-0.318418956,-1.866222322,-0.330673639,-0.023103894,-0.758262354,-2.187240214
0.127298149,-0.578351229,0.102912436,-0.489743359,0.580839689,0.277035845,-0.159529182,0.134003276,-0.298239925,0.444614341,0.430834708,-0.518283976,-0.969421496,-0.322234173,0.486793664,-0.125138068,-2.706079482
-0.237695902,-0.670998554,-0.113262824,-0.179256892,0.627980301,0.132274294,-0.178415863,0.153728057,0.143221013,0.040708609,0.614314655,0.481634636,1.901028678,0.426193055,1.120091086,0.16788325,0.201893023
-0.361177832,-0.085097836,0.106017552,-0.169786717,0.786799269,0.076358571,-0.105212401,0.157172067,0.427468081,-0.367649627,0.423696835,1.163134293,2.301086929,0.496777683,1.237938853,-0.372936223,2.629894821
0.186449538,0.164307072,0.484398189,-0.184668421,0.712159966,0.279855548,0.222047375,0.133377092,0.55230632,-0.328849234,0.267487224,-0.297052539,0.118706865,0.052554859,0.755085389,-0.944110971,0.757452106
0.055607757,0.054054339,0.482919562,0.158963659,0.372635317,0.467970037,0.560882859,0.220729695,0.461627115,-0.26778632,0.139097017,-0.698563114,-1.939702408,0.103958882,0.14175761,-1.680071491,-0.255152234
0.088590789,0.352712111,0.16294469,0.518830326,-0.011223955,0.386802865,0.55225966,0.381971955,0.369850432,-0.123716008,-0.206357746,0.188143167,-1.370768871,-0.246662587,-0.496017311,-1.761225387,0.387935095
0.264136845,0.516626609,-0.230813667,0.679823308,-0.377124899,0.293651953,0.277113999,0.237949742,0.254752319,-0.21117591,-0.295581161,0.259364555,0.223233363,-0.68513123,-1.181343269,-0.20009701,-0.495136704
-0.142290437,0.320823071,-0.215140221,0.342955639,-0.670070134,0.259815514,-0.113554409,-0.059800527,0.124838239,-0.327895126,-0.192722577,0.543508217,0.476224013,-0.456882024,-1.222536258,0.838177259,-1.633261757
-0.15946342,0.201661942,0.159248122,0.066291228,-0.638643059,0.099117605,-0.415225779,-0.216659502,0.115646852,0.27414704,-0.245616048,0.045848769,0.099477427,0.003452509,-0.1779358,-0.061330043,-0.688478076
-0.211254958,-0.146792258,0.427027463,-0.706204511,-0.222234316,-0.063317444,-0.397042077,-0.374144661,0.032650001,1.153834642,-0.218986291,-1.620880089,0.399735969,0.206383316,0.885111952,-0.818353407,0.698998729
-0.308023359,-0.369743757,0.416085624,-0.931459399,0.266568939,-0.039098207,-0.338835484,-0.574210299,-0.221279209,0.575009105,-0.153372763,-0.930181003,1.022705302,0.385530171,0.729563646,-0.07124197,0.783574796
0.162461878,-0.090412676,0.161909651,-0.504625063,0.516301945,0.125501971,-0.285643468,-0.500320642,-0.330889926,-0.428712541,-0.076594871,0.35046858,0.242033093,0.37440542,0.171488202,0.974466245,0.066778864
0.247236448,0.037113286,-0.131302073,-0.060203258,0.509006374,0.278244289,-0.091434029,-0.09580608,-0.333222069,-0.68854796,0.219626869,0.911188633,-1.7802807,0.46532149,-0.024088943,1.15907587,0.440139391
-0.143380785,0.109950753,-0.108531218,0.544535088,0.359727769,0.242192369,0.019566226,0.285226599,-0.257770386,-0.359698727,0.253486011,0.677196698,-1.867511446,0.749194452,-0.149011158,1.022786885,0.636162081
-0.19271904,0.124053198,0.156734457,0.968663659,0.176777297,0.055462556,-0.113507544,0.430501179,0.124701054,-0.023216629,-0.268310825,-0.037391229,-0.324644477,0.274282659,-0.475152167,0.776847216,0.110250641
-0.110397752,0.039589519,0.265117812,0.512742356,0.15320699,-0.07809571,-0.257055688,0.242333027,0.491396234,-0.294819381,-0.619713815,-0.081162707,1.655665348,-0.390517129,-0.274022923,-0.058232566,-0.011400505
-0.020171441,0.028084098,0.07407921,-0.439010276,0.366462142,-0.12655936,-0.099260519,-0.134316368,0.561086152,-0.064243274,-0.637192453,-0.170041064,1.865792613,-0.616848274,0.618073927,-0.524712593,-0.101073496
0.050973777,-0.344256684,-0.078219366,-1.235181454,0.445591027,-0.178698694,0.276457886,-0.194116895,0.385352323,0.229303963,-0.217979667,-0.416793498,0.296498596,-0.612244929,0.843202564,0.02416032,-0.660093738
-0.019626267,-0.381822939,-0.069791192,-1.423908522,0.167236934,-0.172883056,0.337054606,-0.02129024,0.213459671,-0.025124845,0.489584895,-0.087542956,-1.224238405,-0.301135507,0.07146088,0.085490363,-0.38012874
-0.05342706,-0.041371198,0.027206736,-0.972045865,-0.318199134,-0.070366702,-0.070192371,-0.079525309,0.11811618,0.101771523,0.928289566,0.389788721,-0.861349906,0.015344484,-0.32032026,-0.782422674,0.670679388
0.044976862,0.108591845,0.171077138,-0.131229574,-0.711598768,0.012210322,-0.336585953,-0.128367624,-0.098361558,-0.263969888,0.619164748,0.85999826,-0.191649817,0.779499809,0.633297423,-1.313949717,0.444167989
-0.01199383,-0.198521354,0.17610447,0.407893985,-0.528648296,-0.119283518,-0.321401625,0.101441732,-0.466840141,-0.437935585,0.154836943,1.015349913,0.323140499,0.786021215,1.745149911,-1.309613249,-0.468780908
0.174455708,-0.260910329,0.071417682,0.071026316,0.01010156,-0.447325781,-0.195849721,0.295245536,-0.8391599,0.024806809,-0.130037409,0.359519632,0.25299065,0.540509464,1.418829803,-1.346163477,-0.357545004
-0.023169899,0.10807848,-0.103060298,-0.215108271,0.792972444,-0.521947214,0.028201141,0.081090767,-0.593598968,0.205769298,-0.23728853,0.173602133,-0.174783774,0.382461274,0.10889277,-1.11880867,0.030447649
-0.220795505,0.342203223,-0.08886548,-0.004058647,1.46248138,-0.29848573,0.181040314,-0.33500819,0.128679416,0.347295322,-0.426625193,-1.103634758,0.201425677,-0.162651535,-0.967139729,-0.070622474,0.067416634
0.021806963,0.360805163,0.117698705,-0.535064912,1.483245698,-0.160848965,0.201848469,-0.40952403,0.1242895,0.27573722,-0.301529389,-2.249408838,0.497924272,-0.454963963,-0.545001147,0.828884828,0.844774087
0.133295064,0.402840716,0.164275454,-1.250739599,0.79914562,-0.122329805,0.209112576,-0.048842316,-0.256261353,-0.046751293,0.166367353,-0.144520066,-0.274583482,-0.278886004,1.002601519,0.334527509,0.786538971
-0.067329,0.247260853,0.035782772,-0.522212531,-0.01515234,-0.00641986,0.433409482,0.217598778,-0.241582571,-0.020354305,0.213678641,0.877655229,-0.527251851,-0.130428118,1.361159619,-1.147924953,0.263838533
-0.210709784,-0.220837643,-0.117107254,0.368660401,-0.439979049,0.060145278,0.587502299,0.018159322,0.006722059,0.109086351,-0.307660639,0.784919047,0.666477279,-0.133497015,0.414258184,-1.292886874,0.395535506
0.030802336,-0.446084187,-0.103651749,0.12852381,-0.360288966,-0.007200314,0.359831099,-0.3155965,0.322247279,-0.145978528,-0.716624171,1.076333226,0.939771636,0.349470633,-0.664729464,0.341341959,-0.656668969
0.143380785,-0.179738226,0.013455505,-0.640589724,0.150962199,-0.01351947,0.143266953,-0.300255004,0.205914502,-0.311993325,-0.395877431,0.272421809,-0.027179038,0.993171755,-0.485987714,1.266868067,-2.511357932
0.020171441,0.044421191,-0.02084864,-0.543182206,0.694762835,0.163089622,0.220266497,-0.005635652,-0.154470173,-0.295773489,0.072202333,-0.413974318,-0.729751798,0.564293415,0.877589754,0.537102501,-1.470101363
-0.158645659,0.022044507,-0.069199741,0.053438847,0.950669017,0.376430385,0.202926368,0.206953657,-0.299748959,-0.266832212,0.19446129,-0.050893617,-1.100912178,0.168405717,0.632670573,-0.630646304,0.690232187
0.00463398,-0.319252777,0.1514114,0.124465163,0.646499827,0.37874657,-0.188398153,0.212589309,-0.109610718,0.131666908,0.150718939,0.051635506,-0.206152466,-0.507518822,-0.57007514,-1.044469223,0.826931265
0.220522918,-0.688634159,0.243529859,-0.271929323,0.031427075,0.247932479,-0.591813899,0.046963765,0.126072903,0.031485565,0.170485357,0.196155573,0.538209408,-1.004680118,-0.697773405,-0.403910993,0.479322424
0.052064125,-0.461424748,0.051604081,-0.596621053,-0.257589775,0.181115582,-0.682170028,0.056043426,0.136636139,-0.097955091,0.270324071,-0.100896966,0.062952238,-0.451511454,0.075669729,0.203194487,0.700015407
-0.099766858,0.160079358,0.015969171,-0.091319549,-0.065660139,0.019511339,-0.532013888,0.228556989,-0.037588657,0.641160595,0.212305973,-0.536386078,-0.085082206,-0.159199026,0.637864471,0.297357786,0.062643543
0.01199383,0.515177107,0.159691711,0.431569424,0.219989525,-0.163769372,-0.114679174,0.156232791,-0.066397481,0.369875879,-0.024982556,-0.061280069,0.346774445,0.182215753,0.469510519,0.643036212,-0.067152354
0.109034817,0.304999343,0.174182255,0.209020301,0.150962199,-0.060371861,0.137361937,-0.175957573,0.231842444,-0.605540562,-0.185035637,0.720968176,1.060089907,0.800982087,0.295514917,1.333154074,0.600993202
-0.10876223,0.255957864,0.06254592,-0.009470175,-0.227846293,0.082199385,0.025998476,-0.489988614,0.171755468,-0.227077711,-0.243877336,0.651378944,-0.133746649,0.648304467,0.21321849,1.803351073,0.219596784
-0.250234906,0.136585349,-0.044210946,0.223902005,-0.745270634,0.059817991,0.019917715,-0.374457752,-0.138145172,0.270330608,-0.203886943,-0.090362136,-1.280959876,-0.010741139,0.016208545,1.162173347,-0.57108184
0.041978405,-0.048105342,0.030311852,0.358513785,-1.220043945,0.073362637,0.024159017,0.071384923,-0.225943494,0.14979496,0.002104757,-0.55953303,-0.351608661,-0.000383612,-0.302231165,-0.451612137,-1.398619742
0.135203173,-0.033127156,0.231700843,-0.272605764,-1.249226229,0.097103531,-0.262210862,0.354106788,0.048426262,0.045479149,0.097916979,-0.512793994,1.284397541,-0.344100063,-0.614850128,-0.998626565,-2.218519718
0.100312032,-0.006099987,0.253732384,-0.101466165,-0.749760216,0.051560288,-0.238778256,0.156545883,0.528984891,0.442706125,0.190983865,-0.340230506,0.801405625,-0.35253953,-0.655416266,0.57489172,-1.35297996
0.152648744,0.035361805,-0.076740739,0.08590802,-0.103260389,0.019284756,0.109805192,-0.258926891,0.671245609,0.090640263,0.149895338,-0.211735251,-0.616523711,-0.397422147,-0.300171516,2.170092342,0.681821923
-0.13002402,0.064502831,-0.312433874,-0.447127569,0.430999885,-0.039979364,0.422724213,-0.421108426,0.3093519,-1.01294469,0.015007836,-0.146597357,-0.969421496,-0.82323159,0.50067391,1.62245842,1.927598909
-0.366356986,0.055896414,-0.255802462,-0.100113283,0.521352725,-0.271597846,0.642240867,-0.335947465,-0.333770809,-0.596317518,0.085105412,-0.0872462,-0.255891179,-0.489489053,1.015138516,0.547633923,1.747426609
0.107944469,-0.092435939,-0.275024613,0.829316792,0.046018217,-0.517113437,0.4242239,-0.202257281,-0.828871034,0.293229201,0.325139277,-0.033830159,0.581287646,0.135031463,0.709773101,1.060576103,-0.005301664
0.26549978,-0.303066673,-0.32648083,0.536417795,-0.692518044,-0.61197631,-0.009771397,0.106764292,-0.837650867,-0.394364652,0.390478271,0.668145646,0.339147126,0.444606436,-0.170682252,1.546879983,-1.09724769
-0.224611724,-0.351141817,-0.096850065,-0.501242857,-1.044950242,-0.638360677,-0.187648309,0.369448284,-0.317994548,-0.136755484,0.146051868,0.920091306,-0.077240033,0.6778426,-1.432441399,0.722331622,-0.281311033
-0.033255619,-0.248106396,0.184089055,-0.796171178,-0.966382554,-0.606538311,-0.090801348,0.253291239,0.154332988,0.842159353,-0.214410731,0.261886979,-0.238488001,0.5543195,-1.547423567,-0.218681872,0.82254358
0.215616351,-0.355127947,0.212626555,-0.403835338,-0.859754979,-0.364748757,-0.072184143,-0.042893572,0.249402109,0.364151231,-0.419853364,0.122115005,0.201103395,-0.021098666,-0.470406018,-0.544536446,-0.16814657
-0.076869546,-0.153224422,-0.112967099,-0.395718045,-0.900161218,0.051535112,-0.126817264,-0.120853422,-0.028946009,-0.071240066,-0.288717821,-0.408632714,0.598368543,-0.207917764,0.362408749,-0.707463733,-1.172509156
-0.14201785,0.344619059,-0.422443719,-0.528300501,-0.961331774,0.446016633,-0.10933654,-0.035066278,-0.381099592,-0.068695778,-0.014184235,-1.582301837,-0.29488719,-0.332208088,0.279843672,-1.050044682,-0.604703636
-0.04334134,0.504547427,-0.339492748,-0.194815038,-0.784554478,0.648229638,-0.216985932,0.059174344,-0.277525009,-0.550838368,0.355337972,-1.20482848,-1.428779466,-0.987417573,-0.329633458,-1.330676092,0.236215179
0.203895108,0.369743757,-0.147862695,-0.174521805,-0.587012864,0.537656989,-0.236294399,0.187228876,0.209892864,-0.426168253,0.412257935,1.614351461,-0.644239884,-0.461101757,-0.273933373,-1.298462332,0.150719647
0.228700529,0.380131854,-0.120951684,0.223902005,-0.359727769,0.254981737,0.073297192,0.010958212,0.56863132,0.522215128,0.173688249,1.495649148,0.576668284,0.183750201,0.017193595,-0.810299967,-0.095072407
-0.107126708,0.23593662,-0.046133161,1.194594988,-0.282282477,0.094736994,0.275005065,-0.224173705,0.485222914,0.518080659,-0.087667725,-0.961785494,0.44560731,0.40893051,0.198890494,-0.272577971,-0.041825313
-0.118302777,0.101163148,0.070974094,0.865168171,-0.436050665,0.163618317,0.231045496,0.015341497,0.115098113,0.070603994,-0.383248886,-1.330652933,0.206797028,0.52516498,0.153130457,-0.466480027,0.708166084
-0.041160644,0.117953211,0.208042812,-0.192785714,-0.538188658,0.26052044,0.081299427,0.367882825,-0.318406102,0.228031819,-0.317269314,-0.563835988,0.167263882,0.131578954,-0.275187073,-0.983758675,1.330409625
0.090226311,0.044451389,0.234362371,-0.304398496,-0.585890469,0.255485256,-0.12381789,0.25172578,-0.435699173,-0.20958573,-0.106610543,0.429850752,0.231612671,0.067515731,-0.518046605,-0.897029321,1.297010504
-0.306933011,-0.076129044,0.006949547,-0.037880702,-0.561758965,0.20946367,-0.225937188,-0.217598778,-0.11276597,-0.650065603,0.062227613,1.738395379,-0.141696249,-0.078640483,-0.628461724,-0.354351362,0.426787767
-0.363903703,-0.220354476,-0.179209586,-0.123788722,-0.734046679,0.14186632,-0.185773701,-0.609902761,0.254203579,0.019082161,0.469909988,0.450623657,-0.446037018,-0.307656913,-0.720698198,-0.028496788,-0.735674972
0.414059719,-0.273955845,-0.06417241,0.14746416,-0.887253669,0.065457397,-0.121755821,-0.572957932,0.510053377,-0.020354305,0.407041797,-1.364483092,-0.33356092,-0.470308448,0.075221979,0.157351828,-1.751285894
0.173365359,-0.254508362,0.155699418,0.486361153,-0.624051917,-0.021449885,-0.222750353,-0.240454476,0.124838239,-0.06615149,-0.005673694,-0.671113204,-0.260188261,-0.108945839,1.226476457,0.782422674,-1.53463194
-0.046612384,-0.107293333,0.28478355,0.129876692,-0.27386451,-0.048035659,-0.217829506,-0.008766569,-0.746148553,0.665013296,0.089040393,1.347271256,-0.668303538,0.067132119,1.276266243,1.458911638,0.065440251
0.177454165,0.038562788,0.269553693,-0.466744361,0.159941364,0,0.111914127,0.071384923,-1.069904866,0.277963472,0.222463716,1.166101851,-0.026104768,0.126208384,0.218591489,1.370943293,0.714157825
0.110125165,-0.137732871,0.122726037,-0.38624787,0.460743367,-0.006470212,0.478025164,0.322171427,-0.777426705,-0.543841576,0.060671923,-0.465313068,1.642344396,0.522863307,-1.180985069,0.733482539,1.015725669
-0.138474218,-0.282411272,0.051751943,-0.133258897,0.374880108,-0.074923544,0.755092298,0.52286325,-0.214694334,-0.198136434,-0.053259516,-1.601294207,1.171384308,0.34716896,-1.473634387,0.151156875,1.350742385
-0.097313574,-0.215341615,0.079402267,0.091319549,0.182950472,-0.052567325,0.703540564,0.306516839,0.433504215,-0.103679739,-0.214044686,-0.946947705,-0.647677549,0.0982047,-0.74863779,-0.446036679,0.539772647
0.088590789,-0.057829083,-0.0285375,-0.015558145,-0.083618467,0.008056295,0.126348612,-0.06919328,0.646140777,-0.476099906,-0.460484335,0.024037218,-1.540933282,-0.186051874,0.10790772,-1.655911171,0.02811997
-0.435866682,0.19311592,-0.071713407,-0.681852632,-0.352432198,-0.057048639,-0.399104146,-0.111147577,0.551208841,0.341252638,-0.406309707,1.279017426,-0.840938771,-0.468006775,0.667863713,-2.481698522,0.182934503
-0.155647202,0.41709415,0.054561334,-0.17790401,-0.475895706,-0.221548113,-0.381014175,0.289609884,0.569591615,0.859015262,-0.174237316,0.532231497,0.282103374,-0.364047893,0.730727795,-1.750693965,-1.158932451
0.170912076,0.391244701,0.031494754,1.043748622,-0.585329271,-0.291335769,-0.206066338,0.488423155,0.825578597,0.522215128,-0.177989275,-0.563242477,1.106928091,-0.379008765,0.004835699,-0.276294943,-2.083397414
0.147197003,0.194807006,-0.096702202,1.092452381,-0.476456904,-0.098488207,-0.129394851,0.132750909,0.957276081,0.40326966,-0.160510637,-0.420206189,1.302015573,0.03989566,-0.938841937,0.449134156,-1.231917825
0.176908991,-0.071931528,0.036669948,-0.198197243,-0.136371057,0.122153573,-0.019636524,-0.16656482,0.717065359,-0.009223044,0.219077802,0.699898515,0.988328653,0.211753885,-0.389990141,0.153015361,0.766304106
-0.247781622,-0.003110389,0.268666517,-0.943635339,0.102137994,0.114197982,0.099119924,-0.318727418,0.065025632,-0.510447795,0.303085079,0.367680416,-0.671741203,0.365582342,0.395452689,-0.19204357,2.701132504
-0.375624946,0.276130098,0.062841645,-0.604061905,0.200347603,0.019158877,-0.102353623,-0.456800887,-0.619938465,-0.422669857,0.293842448,-0.999621856,-2.124476896,0.128510057,0.061699933,-0.141244948,2.129786263
0.035163729,0.235060879,-0.36374223,0.30642782,0.296873619,-0.026510246,-0.419162457,-0.34033075,-0.642436785,-0.441433981,0.51292025,-1.34845828,-1.571872266,0.326070294,-0.446227525,0.029735779,-0.954616251
0.017990745,-0.073169644,-0.349547411,0.737320802,0.487680859,-0.014450979,-0.481774381,-0.131498542,-0.24185694,-0.469103114,0.345363251,0.51798722,-0.301332812,0.110480288,-0.061879033,0.702507769,-2.652859951
0.201169238,-0.371676427,-0.169598511,0.237430827,0.680171693,0.072405951,-0.341975453,0.097058448,-0.015501891,-0.102725631,-0.143764088,2.102811481,1.306312654,-0.471842896,0.410497085,1.439707281,-1.512327209
0.345095197,-0.442218849,-0.046872474,-0.241489474,0.641449047,0.143553107,-0.097526506,0.469637649,-0.160917862,0.035938069,-0.376843103,0.383705228,1.503548677,-0.367884014,0.450525924,0.999865555,0.516746532
-0.096223226,-0.138970988,0.057814314,0.091319549,0.309219969,0.064702119,0.174807241,0.481222045,-0.329518078,0.251566483,-0.306379482,-2.359208478,0.531548932,-0.019564218,0.440764977,0.374175214,2.118536202
-0.104400838,0.320581487,-0.007393135,0.564828321,-0.063976545,-0.13735983,0.402665903,-0.037884104,-0.071061767,0.949019452,-0.309856908,-0.899911913,-1.205331248,0.085929113,0.287903169,0.420017873,2.003749467
-0.11067034,0.528705791,-0.059440803,0.450509775,-0.223356711,-0.264548588,0.495271562,-0.423926252,0.245149377,0.748974802,-0.130220431,1.563309467,-2.188933112,-0.040662884,-0.28441072,-0.185229121,-0.485901543
-0.148014764,0.264171708,0.05870149,0.459303509,0.037039053,-0.238567036,0.291501619,-0.125236707,-0.029220379,0.210539838,0.147790581,1.579334279,-1.180408178,-0.079407707,-0.589955235,-1.349880449,-2.277507112
-0.025895769,-0.296906291,-0.003548705,0.626384461,0.36197256,-0.082249737,-0.010076021,0.480282769,-0.283561143,-0.517444587,0.260166328,-0.282511506,0.505873872,-0.142703705,0.17981635,-1.141729999,-1.689591906
0.049338255,-0.569412634,-0.239833291,0.01217594,0.482630079,0.055361852,0.067778813,0.525994167,0.23060778,-0.976688585,0.309948419,-1.823267533,1.313617692,-0.014193648,1.110419689,0.270719484,0.416797119
0.091589247,-0.4695178,-0.226969237,-0.172492481,0.367023339,0.061353722,0.321682816,-0.109582118,1.207226929,-0.330439414,0.194552801,-1.048141427,0.334205483,0.023783951,0.722847398,0.709322219,1.569578546
-0.07468885,-0.142715534,-0.000591451,0.468097243,-0.007856769,0.013091479,0.174666646,-0.575462666,1.213811803,0.024488773,0.230608212,0.637283045,-0.171560963,-0.193340504,-0.122683466,-0.21620389,0.789708567
-0.091861834,0.374937806,0.09108342,0.405864662,-0.207643174,0.051157473,-0.176119467,-0.363186449,0.063516599,0.139299772,0.41719954,2.033370628,0.512534348,0.253567605,-0.389900591,-1.168987796,-0.53976703
-0.321652711,0.369139798,0.01315978,0.108230576,-0.012907549,0.121750758,-0.171526676,-0.001252367,-1.050013058,0.559743377,0.373640211,0.592324544,0.341617947,-0.044115393,-0.094833423,-1.050664177,-0.159096931
0.044704275,-0.08829882,-0.219428239,-0.382189223,0.248610611,-0.008383582,-0.088340925,0.238262834,-0.666032584,0.220080919,0.056187874,-0.981519753,-0.732115192,-0.232852551,-0.03564089,-0.074339447,0.850038425
0.345095197,-0.150355617,-0.361524289,-0.910489725,0.297996014,-0.222353743,-0.204847842,0.380093404,0.318268918,0.099863307,-0.366410826,-0.644998695,-0.238702855,-0.110096676,-0.416317833,0.724809603,0.623945092
0.041433231,0.391244701,-0.161170337,-0.581739349,0.269374928,-0.258808477,-0.25860224,0.149970956,0.387821651,-0.020354305,-0.393955696,0.743521615,0.983601864,-0.159199026,-0.831381967,1.041991242,-0.184362707
-0.061059498,0.323238907,-0.046133161,0.474185213,0.473650915,-0.06500423,-0.253962584,-0.170008829,-0.148845593,-0.525077452,-0.139097017,0.434598845,0.481058229,-0.307656913,-0.548045847,1.208635501,-1.130850628
-0.095405465,-0.13450169,-0.147123381,0.618267168,0.619001137,0.180888999,-0.264600988,-0.319979785,-0.296182152,-0.380053031,-0.122441979,-1.157644311,-1.124116416,-0.115083633,0.39321394,1.24766371,-1.557653241
0.067601587,-0.272023176,-0.142391775,0.097407519,0.195858021,0.247932479,-0.284331242,-0.469637649,0.125935718,-0.025760917,-0.359089931,-1.41671211,-1.936264743,-0.137716748,0.769771584,0.80720249,-0.221713753
0.3281948,-0.243727692,0.053674158,-0.019616792,-0.491609244,0.175451,-0.165012412,-0.44145939,0.537901908,-0.220398955,-0.386726312,-0.64321816,-0.820527636,-0.283105738,0.219934738,0.315323152,1.501317876
0.018263332,-0.492951413,-0.004583744,-0.119730075,-0.821593531,0.155788605,0.248666815,-0.199126363,-0.013306933,-0.419489496,-0.211024817,1.061643815,0.434220045,0.326453906,-0.225128637,0.550731399,1.475955488
-0.251325254,-0.043787034,-0.118142293,-0.232019298,-0.478701695,0.143150292,0.406040198,0.107703568,-1.023536377,0.137391556,0.050148135,2.122990874,0.570222662,0.322234173,-0.085878426,0.812158453,0.853956688
-0.113123623,0.655537201,0.021292228,-0.285458145,0.252538995,0.076836914,0.228889696,0.412654948,-1.47610929,0.205769298,0.181924256,0.590544009,0.482132499,-0.067132119,-0.288171819,0.690117862,-0.617378009
-0.039797708,0.717382612,0.035043459,-0.254341855,0.847408628,0.019284756,0.225655996,0.320605969,-1.112980917,0.034029853,0.010798321,-0.954960111,0.36321078,0.264692356,-0.702609103,0.298596777,-1.883140705
0.085319745,0.211597069,-0.112967099,-0.224578446,0.946740633,-0.086051301,0.122599395,-0.0266128,-0.186708619,0.157109789,-0.062685169,-0.707910921,0.363425634,0.398956595,-0.692221306,-0.683922908,-1.387697072
-0.182905906,-0.309831015,-0.186602721,-0.131906015,0.517424341,-0.25014796,-0.150624792,-0.132124725,0.342550641,-0.024488773,-0.149895338,0.229243843,0.532945483,-0.221344188,-0.198800944,-1.440946271,0.496461917
-0.336644998,-0.207429751,-0.051160492,0.280046617,-0.009540362,-0.238063518,-0.176306928,0.043832847,0.3610706,0.19209375,-0.072842912,-0.159951367,0.364392477,-0.518643574,0.545180247,-0.946588952,1.345293488
0.12539004,-0.186532766,0.208338537,0.512065915,-0.209326767,-0.026636125,0.156154887,0.309960849,0.462450225,0.2693765,0.44785579,-0.882848455,-0.467629851,-0.096670252,1.21358126,0.12761605,0.960606387
0.37153614,0.139212571,0.276946828,0.146111278,0.025815097,0.149670856,0.376187058,0.283974232,0.728588888,-0.126896368,0.900104118,-0.614136094,-0.984890988,-0.331824476,0.877231554,0.472674981,-0.156785132
0.399340018,0.318044859,0.123317488,0.060203258,0.34176944,0.165733094,0.179774954,-0.062618353,0.69881977,-0.584232149,0.599764375,-0.028933689,0.321421666,-0.070584628,0.041192988,0.063808025,-1.19263168
-0.054244822,-0.042397928,-0.137068718,-0.068320551,0.433244676,0.108659279,-0.011657722,-0.248281771,0.245149377,-0.519352803,0.126010916,0.361151788,1.589920007,-0.225180309,-0.609477129,-0.176556185,-1.457596302
-0.541630455,-0.357543784,-0.274581024,-0.025028321,0.157135375,-0.058609546,0.051985237,-0.29962882,-0.255986983,-0.039118429,-0.068084329,0.491872711,0.811611193,-0.346785348,-0.397333239,-0.078056419,-0.823789352
-0.501832747,-0.391607077,-0.144609716,0.050056642,-0.263201753,-0.403922492,0.038640367,-0.3916778,-0.447497073,0.266832212,-0.282403549,0.386079274,-0.314868618,0.585392081,0.047371937,0.204433478,-0.110923599
-0.018263332,0.000966335,0.042584456,-0.154228571,-0.4523254,-0.565753318,-0.16131006,-0.138073469,-0.279171227,0.531756208,-0.663822211,-0.060686558,-0.608036976,0.317630828,-0.232023985,0.481967411,0.934754517
0.099221684,0.334955714,0.024101619,0.399776692,-0.438295456,-0.506740957,-0.349755078,0.448660501,-0.256810092,0.253156664,-0.669770439,0.410116493,-0.235480044,-0.254334829,-0.762965786,0.349395399,0.54665709
0.077959894,0.012652943,-0.142835363,0.600003258,-0.33166788,-0.364345942,-0.232638913,0.636515561,-0.125249794,0.272238824,-0.210201216,-0.292304447,-0.103452227,0.104342494,-0.57114974,0.173458709,0.028621761
0.400157779,-0.291470659,0.111784197,-0.101466165,-0.045457019,0.029355125,0.056941233,0.092675163,0.365734885,0.328213162,0.106885076,-0.057867378,-0.349352693,0.092834131,-0.067968431,0.313464666,-0.233259871
0.203077347,-0.359234869,0.678837632,-0.206314536,0.272742115,0.516609918,0.0907662,-0.745784587,0.523497495,0.065197382,0.199494406,0.378512002,0.563025051,-0.641399449,-0.121429766,0.353731866,-0.713226606
0.04606721,-0.235181671,0.577699549,-0.063585464,0.15320699,0.710363813,0.065705027,-0.972776118,-0.23143089,0.104633847,0.067077706,0.420502945,1.431357714,-0.553168664,-0.03680504,0.19204357,-0.507549887
-0.04334134,-0.050521178,-0.110601296,-0.639236842,-0.441101445,0.562127985,0.114444848,-0.389173065,-1.099948354,-0.491365635,-0.371718476,0.490388932,0.744254446,0.331824476,0.14122031,0.198238524,0.335689232
-0.199806303,0.091077031,-0.360341388,-0.555358146,-0.95740339,0.261426773,-0.021839189,0.27301602,-0.848762842,-0.773145539,-0.395328364,-0.481189503,-0.282318228,0.535906119,0.004387949,0.011770412,0.500385797
-0.399340018,-0.029261818,-0.134111464,0.250283208,-0.822154728,-0.113694463,-0.273317917,0.603640925,0.098087188,-0.584232149,0.191898977,-1.378727369,-0.818808804,0.357910099,-0.216442289,-1.043230233,0.41618647
-0.10140238,0.043062283,-0.093744949,0.560769674,-0.210449163,-0.435442746,-0.28503422,0.597065998,0.792791411,-0.142798168,0.867160087,-0.263815891,-0.721050209,0.203698031,0.263456026,-2.073451062,0.191875894
-0.029711988,-0.065680551,-0.127901231,-0.114318546,0.300802003,-0.536448545,-0.006912619,0.32436307,0.661368298,0.508857615,1.014676134,0.454926616,-0.051457546,-0.332208088,0.591119384,-1.777332267,-0.706584095
-0.242602468,-0.131934864,-0.045689573,-0.266517795,0.411919161,-0.494152996,0.215626841,0.180340857,0.100693701,0.584232149,0.598117173,0.162473791,1.25732593,-0.391284353,0.60723838,-0.73596052,-1.085902541
0.095405465,0.320581487,0.079845855,0.729203509,0.333912671,-0.3741142,0.125926825,0.437076106,-0.033610295,-0.146296564,-0.138364927,0.256693753,1.082434729,-0.467623163,0.503539509,-0.122660087,-0.333497958
0.345095197,0.714725192,0.170189962,0.812405765,0.134126266,-0.010750119,-0.148468992,0.558555711,0.135675845,-0.691092249,-0.797611579,0.176272935,0.177684303,-0.459567309,0.171756852,-0.226735312,1.036988847
0.252960776,0.501527632,0.048646827,0.283428822,-0.260956962,0.41016612,-0.168995955,0.10989521,0.164896224,-0.369239807,-0.951350387,-0.275686123,-0.466877861,0.217508067,-0.861828959,-0.176556185,1.465116672
-0.011721243,0.141024449,-0.144018265,-0.056144612,-0.632469883,0.495764255,0.15915426,-0.45554852,0.244189083,0.0159018,-0.721748798,0.8543599,-0.574304889,0.440770315,-1.292385238,0.556926353,0.791057852
0.057515866,-0.080900321,-0.028981088,0.238783709,-0.793533642,0.378645866,0.375484079,-0.579845951,0.307294127,0.202270902,-0.26410131,1.687946896,-0.493519764,0.670937582,-0.833531167,1.028981839,0.654171006
-0.009540547,-0.156999167,0.06801684,-0.117024311,-0.62068473,0.350046019,0.125036386,-0.421734609,0.527064302,0.421397713,0.138364927,0.379699025,-0.27683945,0.710066017,-0.094564774,0.475772458,0.694879858
-0.129478846,-0.039921696,-0.148454146,-0.250959649,-0.108872367,0.337458058,-0.141017423,-0.0532256,0.759318301,0.210857874,0.204710544,0.294530115,0.165759903,0.141936481,0.458764522,-0.884639413,-1.027027086
-0.094860291,0.011686608,-0.117698705,0.796171178,0.47252852,0.160546854,-0.023983272,0.112399944,0.474385309,-0.433165045,-0.206540768,-0.069144098,0.565818154,-0.327988355,0.210442441,-1.342446505,-1.016414956
0.027531291,-0.124717553,0.033121244,0.88952005,0.669508936,-0.018428775,0.232357722,-0.123671248,-0.338846649,-0.185414994,-0.570206258,-1.819112952,0.09324666,-0.671321194,-0.068505731,0.140005958,0.669866125
-0.402611063,-0.208486679,-0.130267034,0.412629073,0.280037686,0.079178274,0.025072888,-0.248907954,-1.339473151,0.211493946,-0.202056719,-1.525324726,-0.816875117,-0.499079356,-0.121161116,1.230937335,0.768238363
-0.200896651,-0.130092789,-0.357236271,0.102819048,-0.322688716,0.270087291,-0.386356809,-0.142143662,-1.736760559,-0.171421409,0.547602993,-0.132056324,-0.543580759,-0.398956595,0.396437739,0.522234612,-0.429337487
0.449496034,-0.547670107,-0.321749224,-0.356484461,-0.617878741,0.281063992,-0.24637042,-0.043206664,-1.462939542,-0.487867238,1.031880239,0.02181155,0.615019732,0.176077959,0.523330053,-0.288065355,-0.622427297
0.151285809,-0.459371287,-0.00606237,-0.44171604,-0.449519411,0.120491962,0.110461305,-0.080777676,-0.922293937,-0.096364911,0.827261206,0.42154159,0.429600683,0.75609947,-0.057311984,-0.24036421,-0.69232412
-0.145016307,0.069062722,0.28803653,0.333485464,-0.213816349,-0.148588291,0.176494389,-0.088918062,-0.466702956,0.026715025,0.245433026,1.539569004,-0.235587471,0.669786745,-0.793054578,0.109031188,0.521794615
-0.240966946,0.039468727,0.282713473,0.58241579,-0.054436183,-0.469480592,0.111632935,0.080151492,-0.043899161,-0.05661041,-0.219260824,1.264773149,-0.389422975,0.26891209,-0.791263578,0.211867423,2.14118678
-0.129751433,-0.168232806,0.157769495,-0.192109273,0.21606114,-0.689618854,-0.125786229,0.223547521,0.466702956,0.571192673,-0.499742638,0.263964269,-0.335172326,0.038744823,-0.182323749,0.299835768,1.122568754
-0.19271904,-0.281928105,0.109122669,-0.167080952,0.527525901,-0.606639015,-0.314746765,0.291801526,0.801708429,0.601088058,-0.26254562,-0.09362645,0.249982693,-0.123139488,0.422317682,0.281250906,-1.36983138
0.086410093,-0.006281175,0.030459715,0.409923308,0.908017987,-0.25478033,-0.259492679,0.402009828,1.23905382,0.069967922,0.506789,-0.48697624,0.600946792,-0.462252593,0.639028621,0.038408714,-1.370925894
0.671381887,0.726804374,-0.086795402,0.645324812,1.031481495,0.111730742,-0.105915379,0.197873996,1.691763919,0.076010606,1.170611211,-1.689133919,0.21249066,-0.052171247,0.468346369,-0.211247927,-0.276618426
0.204167695,0.515177107,-0.034156283,0.84622782,0.711037571,0.228899482,0.015278059,-0.301194279,1.461842063,-0.048659509,1.010283597,-1.172185344,0.110972119,0.268528477,0.282798821,-0.769413271,0.043399037
-0.086410093,0.352470527,0.005914508,0.120406516,0.353554593,0.10636827,0.130753942,-0.319979785,0.807881748,-0.060108806,0.301895434,0.104754792,0.305415039,0.100122761,-0.1802641,-1.144827476,0.56611761
-0.516552447,0.179708028,-0.225786335,-1.043748622,0.172287714,-0.063367796,0.287611807,0.233566458,0.257770386,-0.286232409,-0.593907658,0.605085042,-0.434864607,0.374021808,-0.002596949,-0.66347956,0.239807134
-0.211800133,-0.118134399,-0.176843783,-1.394821554,0.466916542,-0.10951526,0.433784403,0.304325197,0.15721387,-0.560061413,-1.246382481,0.961191982,-1.421474428,-0.028770908,0.692937706,0.242222697,-0.437846048
0.172002424,-0.292920161,0.323523577,-0.857050877,1.078622108,-0.090910254,0.443344907,-0.321545244,0.224571646,-0.479916338,-1.501515694,0.876764962,-1.154195983,0.107795003,0.742190192,0.727287585,-0.703614704
-0.211527546,-0.211446079,0.473308486,-0.034498496,1.403555615,-0.136302441,0.071317137,-0.797131637,-0.174087611,-0.60331431,-1.334233229,-0.215889832,-0.138151157,0.535138894,0.07217728,0.460285073,-0.106981864
-0.182360732,0.061905807,-0.052934845,0.377454135,1.180760101,-0.12847273,-0.401166216,-0.679409133,-1.294476511,0.002544288,-0.811155236,-0.713549281,0.331734661,0.01457726,-0.324170909,-0.004336468,0.504751816
0.042523579,-0.075706272,-0.315686854,0.410599749,0.566248547,-0.118503065,-0.445781898,-0.169069554,-2.206481582,0.618262002,-0.209652149,-0.439495315,0.292201515,-0.164953208,-0.093400624,-0.24717866,0.207548305
0.082321287,-0.236963351,0.016412759,0.58241579,0.102699191,-0.179353268,-0.123911621,0.115843954,-2.216907633,0.293865273,0.246714183,0.114547732,0.232257233,0.037977599,0.124116265,-0.200716506,0.081229014
0.451404144,0.318648818,0.331064574,1.025484712,-0.143666628,-0.064626592,0.112289048,-0.090170429,-1.49915635,0.097319019,0.491140586,-0.166331617,0.279525126,-0.378625153,0.137190562,0.004955963,0.618771829
0.131659542,0.500561297,0.387400261,0.822552381,-0.16835933,0.262937329,0.091445745,-0.256422157,-0.432818291,-0.355882295,0.62392333,-0.797976301,0.531763786,-0.373254584,-0.137011462,0.157971324,-0.243152703
-0.196807845,0.156365009,0.245008485,0.265164912,-0.04770181,0.507949401,-0.094386537,-0.08516096,0.538862202,-0.166968905,0.6759932,0.810885178,0.266526455,0.207534152,-0.664460814,0.199477515,-1.23889174
-0.128933671,-0.166149147,0.173738667,-0.804964912,0.066782534,0.580858871,-0.230201922,0.169382646,0.819679648,0.289412769,0.918040312,1.342523164,-0.862961312,0.402409104,-0.544732497,0.156112838,-0.238945646
-0.157555311,-0.575210641,0.17447798,-1.298090477,0.046018217,0.648128934,-0.318542847,0.249534138,1.614391647,-0.166332833,0.946591805,-0.666513489,-1.321352438,0.51442384,0.458854072,-0.118323619,1.482329586
0.112578449,-0.42434166,-0.058257902,-0.92604787,0.022447911,0.678239337,-0.43959569,0.224173705,2.395796714,-0.175555877,0.233994127,-2.260092046,-0.404892467,0.53974224,1.180985069,-0.334527509,1.109509214
-0.088863376,0.081836457,-0.465915352,-0.593238847,0.131320277,0.514394437,-0.321682816,0.193803803,1.92662443,0.21276609,-1.023827254,-1.005260216,0.372342077,-0.208301376,0.628372174,-0.13566949,-0.431140546
-0.057243279,0.184026336,-0.355314056,0.083878697,0.23626426,0.193703543,-0.018218851,-0.039762654,0.612804851,0.482778662,-1.379988826,0.907627563,0.873918869,-0.398572983,-0.341812254,0.339483472,-1.302515571
0.010630895,0.051155335,0.162205376,0.751526065,0.396766821,-0.012713841,0.35786276,-0.424552435,-0.708422711,0.255382916,-0.717081727,0.889525461,1.042042167,-0.237839509,-0.557269494,0.814636435,-0.861895524
-0.211527546,-0.012290568,0.152298576,0.658853634,0.597675622,-0.027693514,0.635304815,-0.475899485,-0.85123217,-0.106224027,0.099198136,0.163809192,-0.080462844,-0.399723819,0.476226767,0.971988263,0.074692985
0.054789996,-0.048528113,-0.190003563,-0.217814035,0.656040189,-0.105789224,0.612809514,-0.087039511,-0.137047693,0.008905008,0.23115728,0.152087339,-0.705795571,0.034908702,1.258714448,0.638699745,1.420739513
0.194354562,-0.194686214,-0.08176807,-0.389630075,0.250855402,-0.277942178,0.32477592,0.232627182,-0.044447901,0.094774731,-0.058658676,-0.082052974,0.039533146,0.544729197,0.442914176,0.141864444,1.400203336
0.110942927,-0.37723285,0.369656737,-0.031116291,-0.290139245,-0.34843476,-0.039929161,0.304012105,-0.753007797,0.422033785,-0.196566048,-0.047480925,0.584080748,0.313027482,-1.001885119,0.052037613,0.005507262
0.157010137,-0.116745293,0.703234977,-0.137317544,-0.50002721,-0.22829526,-0.126676668,0.189107427,-0.714596031,0.139935844,0.269775004,0.616213384,0.180369979,-0.037977599,-0.720966848,0.01610688,-0.834399877
0.215616351,0.322393365,0.643498448,-0.242842356,-0.083618467,-0.010171072,0.177244232,-0.071071831,0.18080967,-0.317399937,1.035906732,-0.317677066,-0.497172283,-0.129660893,1.010123717,-0.266383017,-0.382867873
0.066238651,0.52000878,0.06860829,-0.308457143,0.689150858,-0.007250666,0.426098509,-0.063557629,0.356543499,0.213084126,1.212340316,-0.958372802,-0.243751925,-0.496777683,1.716493919,-0.270099989,-0.798074697
0.156464963,0.295939956,-0.603427658,-0.679146867,1.126323918,-0.292846324,0.217501449,0.174705206,-0.712401073,0.114492963,0.883632103,0.137397928,0.487074143,-0.326453906,0.888335751,-0.552589886,-1.554007402
0.19544491,-0.028325682,-0.691258099,-0.61353208,0.982096092,-0.541080914,-0.205269629,0.358490072,-2.003447962,-0.331393522,0.75405225,0.478815456,0.779275657,0.086696337,-0.330618507,-1.196865089,-0.407239783
0.052336712,-0.037234078,-0.120803822,0.182639098,0.475895706,-0.567364577,-0.546260912,0.529125085,-1.78011098,-0.367967663,0.613308031,0.095852118,0.678401679,0.323385009,-1.084987496,-0.983758675,0.882425683
-0.06269502,-0.011747004,0.303562113,0.335514787,0.075200501,-0.57592439,-0.575504805,0.468072191,-0.434327325,-0.573418925,-0.187689462,0.509826436,0.046301049,0.489105441,-0.67735601,-0.182131644,0.652995447
-0.173637947,0.107051749,0.217062436,-0.119730075,0.009540362,-0.659004933,-0.398541764,0.092675163,0.6704225,-0.531120136,-1.399023155,0.422580235,-0.42970811,-0.051404023,0.195129395,0.10345573,0.508266858
-0.577611945,0.377836809,-0.004731606,-0.691322807,0.016274735,-0.496871995,-0.358425142,-0.412654948,0.813780698,0.131666908,-2.248613093,-0.354326405,-0.447648424,-0.275817108,0.416407383,0.014248394,0.611624991
-0.84910864,0.304274592,-0.065798899,-0.601356141,-0.040967437,-0.028473968,-0.18127464,-0.547597499,1.358130295,0.861241514,-2.240926153,-0.162028658,-0.080570271,-0.018796993,-0.367244447,0.070622474,0.094887326
-0.762698547,0.152892245,0.043028044,0.221196241,-0.154890584,0.388112013,0.126910994,-0.06919328,2.41171016,0.6774167,-0.952082477,-0.057422244,0.250304974,-0.185668262,-0.807740774,-0.079914905,-0.845598984
-0.809583518,-0.055896414,0.171520726,0.124465163,-0.392838437,0.545914691,0.168433572,0.338452199,2.69376227,0.450020953,0.728337604,-0.643366538,-0.093354087,-0.387831844,0.055520984,-0.107172702,-1.843138392
-0.655299252,-0.268641005,0.003548705,-0.102142607,-0.487680859,0.477436184,0.142095323,0.375397028,1.421784078,-0.163788545,2.002997045,-1.229755966,-0.371590088,-0.092066907,1.128329684,0.178414672,-1.419079286
0.093497356,-0.323359699,-0.257281089,0.941606015,-0.454570191,0.25860707,0.316058991,0.281469498,-0.434464509,-0.331075486,1.769826519,-0.184878853,0.434112618,0.31801444,0.793770978,0.055135089,-0.302004927
0.490656678,-0.461183164,-0.129971309,1.064041855,-0.279476488,-0.00395262,0.357675299,0.005009468,-1.556773999,0.668511692,0.609098516,0.811330312,1.272365714,0.232468939,-0.349424002,-0.083631877,0.589207519
0.467214192,-0.510103851,-0.013751231,-0.013528822,-0.057242172,-0.213894633,0.118287795,-0.261118533,-1.07059079,0.228031819,-0.611111763,0.156687054,0.723198749,0.264692356,-1.265520246,0.144961921,0.663854324
0.69237109,-0.540060222,-0.151707125,-0.183315539,0.084740863,-0.262735921,-0.010661836,-0.317475051,-0.476580267,-0.433165045,-1.188547406,0.386821164,-0.513071483,0.148074275,-0.839978765,0.15982981,0.110218865
0.317018731,-0.16300856,-0.182462566,0.524241855,0.266568939,-0.064374832,0.01676603,0.094553713,-0.802943092,-0.180008381,-1.232106735,0.913414301,-0.912700026,-0.497161295,0.224591337,-0.269480494,0.576212574
0.317018731,0.322634948,-0.012864054,0.131906015,0.367584537,0.127415341,-0.04005804,0.719484879,-1.325754664,-0.461788286,-0.701799357,0.049854972,-0.064993352,-0.421973322,0.576701839,-0.779944693,0.992409075
0.348638828,0.155308081,0.020405052,-0.854345113,0.063976545,0.072531831,-0.257055688,0.453356878,-1.341668109,-0.510447795,0.060946456,-0.409968115,0.940201345,-0.316479991,-0.206591792,-0.822689875,-0.303900747
0.401248128,0.23210148,-0.321453499,-0.520859649,-0.444468631,-0.035447698,-0.298484536,-0.461810355,-0.931485323,0.06774167,0.256048325,0.048371193,0.955670837,0.079024095,-0.815621172,-0.482586907,-0.697157554
0.492564787,0.207490147,-0.400855766,0,-0.781187291,-0.029254421,0.039237899,-0.61146822,-0.076549162,0.554972836,0.164445618,0.368273927,0.375779742,0.228632818,-0.596134183,-0.441700211,-0.634107861
0.455220362,0.304636967,0.020257189,-0.191432832,-0.871540132,0.126886647,0.203863673,-0.199439455,0.967016207,0.715899057,0.235092261,-0.199419886,-0.690111225,0.245895363,-0.044595888,-0.481967411,-0.279945258
0.461217277,0.275646931,0.201832579,-0.06155614,-0.986024476,0.3495425,0.187039062,-0.266754185,1.85912947,0.378144815,0.400636013,-0.272718565,-0.873596588,0.177612407,0.294261218,-0.077436923,0.069750982
0.197353019,0.429052541,-0.032086205,-0.465391479,-1.003982805,0.416208341,0.244308351,-0.424865527,1.653352153,0.18891339,0.553185176,-0.203277712,0.043078238,-0.306506076,0.539896799,0.481967411,-0.727957205
0.040888056,0.568083924,-0.185715545,-1.241269424,-0.88444768,0.356188944,0.206909911,0.022542607,0.664660735,-0.377508743,0.879971655,-0.574074063,0.25116439,-0.433098073,0.452675123,0.565599289,-0.241125526
-0.297665051,0.064261248,-0.213661594,-1.146567669,-0.757616985,0.26706618,-0.026572575,0.672208022,-0.492219343,-0.900996015,0.999302254,-0.314115997,-0.111186973,-0.013426424,0.077371178,-0.054515594,1.162674982
-0.574068313,-0.224159418,-0.144166128,-0.209696742,-0.365900944,0.055940899,-0.335367458,0.731069274,-0.920098979,-0.61285539,0.722206354,0.233843557,0.064993352,0.044499005,-0.515270556,-0.631885295,1.328844486
-0.861102469,-0.180221394,0.105426101,0.064261905,-0.117851531,-0.095341216,-0.353035643,0.334068915,-0.586739724,-0.016855909,0.319831628,0.442759629,1.09360714,-0.321850561,-0.74827959,-0.587901123,1.045394697
-0.350819525,-0.193387702,0.363150779,0.037880702,-0.016274735,0.032527291,-0.139564602,-0.112086852,0.092874163,0.116719215,-0.462131537,0.53979877,1.419755595,-0.275817108,-0.360349099,-0.096021785,0.703407678
0.269588586,-0.282169689,0.347033745,0.779936592,0.130197882,0.185521369,0.021347104,-0.40232292,0.507858419,0.090322227,-1.275300019,0.462642266,-0.03362466,-0.207917764,-0.135489112,0.585423141,-0.588190038
0.196262671,-0.479181145,0.16294469,0.502595739,0.101576796,0.164172187,0.13487808,-0.138699652,0.4173164,0.112902783,-0.828725385,-0.104606414,-1.454561952,-0.246278975,-0.256739778,0.796051573,-1.281469451
-0.639216616,-0.322876532,-0.070530505,-0.176551128,-0.098770807,0.151609402,0.221484992,0.28366114,0.246246856,0.167923013,0.210841794,-0.595143724,-1.510853715,0.369802075,-0.577060038,0.208769946,-0.716803435
-0.990581315,0.009995523,-0.244417035,0.198197243,-0.38947125,0.261426773,0.121755821,0.247029404,-0.193705048,-0.217218594,0.465334429,-0.615323117,-0.794852576,0.323385009,-0.911976945,-0.28744586,0.347187926
0.331193257,0.180915947,-0.152446438,-0.004058647,-0.509006374,0.283984399,-0.013321437,-0.100502457,-1.036706125,-0.197500362,0.062685169,0.132946591,0.706332706,0.34716896,-0.433511429,0.012389908,1.048715552
0.985947335,-0.005526226,0.122430311,-0.414658396,-0.438856654,0.037940114,-0.070883633,-0.151223323,-1.657742069,0.142162096,0.135894125,0.450178523,1.484211812,0.259705399,0.882246353,0.596574058,0.686488051
0.174183121,-0.339183427,0.43235052,-0.358513785,-0.39957281,-0.344708723,-0.256165249,0.057295793,-0.976207594,0.342206746,0.444378365,0.271976675,0.753708025,-0.588460978,1.401636208,0.914375192,-1.100011257
-0.07932283,-0.128643287,0.402630118,-1.285914537,-0.368706933,-0.64228812,-0.369860254,-0.006888019,0.532551697,0.639888451,0.441816051,0.59113752,-0.246974736,-0.384762947,0.71380285,0.685781394,-1.500867312
0.263319084,0.233732169,0.085760363,-1.121539349,-0.182950472,-0.694049816,-0.034539661,-0.129306899,1.061948143,0.366695519,-0.206357746,0.441572606,-1.247872351,-0.028387296,-0.532553701,0.029735779,0.184364312
0.033800793,0.181912479,-0.051160492,0.631119549,0.04770181,-0.5625308,0.190928874,-0.140891295,0.656292458,-0.237890935,-0.828725385,-0.765778299,-1.117670794,-0.133497015,-1.312444433,-0.477630944,1.884622391
-0.201714412,-0.048588509,0.098180829,0.447127569,0.104382785,-0.38257331,0.194678091,-0.261118533,0.397150223,0.168559085,-0.692922771,-1.420273179,0.031583546,0.177996019,-1.009049117,-0.569935757,1.733880396
0.148559939,-0.02008164,0.126866192,-0.70552807,0.127953091,-0.180335129,0.235450826,-0.317161959,0.47328783,0.049295581,-0.087484703,-0.652862723,0.59052637,0.323385009,0.167727103,-0.11150917,0.629999824
0.004088806,0.387137779,-0.02247513,0.15355213,0.154329386,-0.032074125,0.121755821,-0.203509648,0.328969338,-0.28368812,0.830921654,1.894488921,0.470208099,-0.009206691,1.414889604,0.491259842,-0.386633915
-0.124027105,0.241342054,-0.061658744,0.884784963,0,-0.00314699,-0.180056145,-0.039136471,-0.148571223,-0.380371067,1.04652203,1.325311328,0.364392477,0.002301673,1.188149067,0.724190108,-0.541444107
-0.206893566,-0.172641707,-0.136920856,0.428187218,-0.24636582,-0.06852886,-0.227108818,0.080777676,-0.530768294,-0.497726355,0.293659426,0.06617654,-0.488040986,0.034141478,0.302858015,0.405149983,0.183223097
-0.472120759,-0.215100031,-0.093301361,0.023675439,-0.430999885,-0.139575311,-0.062822817,0.015028405,-0.555324387,-0.165060689,-0.651376689,-0.512200482,-1.181697302,-0.159582638,-0.312529412,-0.379131177,0.212641325
-0.529909212,-0.140933855,0.415198447,-0.501919298,-0.332229078,-0.117395324,-0.058558083,-0.135255643,-0.282189295,-0.313901541,-0.977339567,-1.0416128,-0.435186888,-0.023400339,0.1788313,-0.667816028,-0.612175458
-0.201986999,-0.041884563,0.684456415,-0.63179599,-0.121779915,0.025654264,0.019132723,-0.023794974,-0.409908416,-0.153929429,-0.848857848,-0.285479064,0.875530274,0.067132119,0.831740167,0.082392887,-0.547870364
0.74307228,0.161287276,0.382520792,-0.811729324,0.053874986,0.044435502,0.196974487,0.041954297,-0.497020814,0.311993325,-0.424794969,0.143184665,0.558298262,-0.281571289,0.561657443,0.95092542,-0.578861795
1.187116573,0.167326867,0.011976878,-1.039689975,0.384981668,-0.121020657,0.372062919,-0.183471775,-0.264492445,0.899087799,0.383248886,-0.261738601,-0.364499904,-0.154595681,-0.226650987,0.826406847,-0.587873881
0.429324593,-0.020202432,-0.069495467,-0.198873684,0.481507684,-0.134817062,0.382795053,-0.092675163,-0.256261353,1.062876344,1.046155986,0.13161119,-0.842227896,0.164185983,-0.831740167,-0.093543804,1.175777451
0.00272587,-0.323722075,0.16516263,0.629090226,0.287333257,0.134414247,0.109852057,0.303385922,-0.215243074,0.524123344,1.193672033,0.40047193,-0.555720013,0.271213762,-0.308947413,-0.395857553,2.482799065
-0.136293522,-0.128341308,0.259646892,-0.058173935,0.04265103,0.343097464,-0.128973064,0.40764548,0.024007354,-0.48373277,1.116436584,-0.151938961,-1.034737129,0.222878636,0.169070353,0.07124197,1.386204151
-0.026168356,0.292316202,-0.069939055,-0.474185213,-0.079128885,0.217117151,-0.146360057,0.325928529,0.395229634,-0.863467766,0.683680141,0.090213758,-0.924731853,0.21635723,-0.074326479,0.443558697,-0.018893415
-0.013084178,0.234698504,-0.519441647,0.233372181,-0.086985654,-0.033207041,-0.120724786,0.068567097,0.714184476,-0.659288648,-0.324315676,0.484453816,0.401669656,-0.079407707,-0.854306761,0.489401356,-0.394917916
-0.360632658,-0.028265286,-0.537037308,0.450509775,-0.189123647,-0.069863183,-0.107508797,-0.226365347,0.624054011,-0.439207729,-0.826895161,0.340527261,1.525034082,-0.369034851,-0.658819166,0.15177637,-1.457081544
-0.551988762,-0.301254796,-0.180540351,0.344308521,-0.193052032,0.064299305,-0.01438762,-0.323736886,0.262434672,-0.086505795,-0.60250971,-0.261886979,1.28010046,-0.236688672,0.46494347,-0.331430032,-2.233043692
-0.136838696,-0.247381645,0.056039961,-0.12852381,-0.070710919,0.249443035,0.090133519,-0.32624162,-0.000411555,0.023216629,-0.437515025,-0.435340734,-0.29886199,-0.062145162,0.980393125,-0.494357319,-1.246721044
0.601327017,-0.048437519,0.110601296,-0.573622055,0.106066378,0.422149859,-0.01514918,-0.058861252,0.076549162,0.060744878,-0.352501125,-0.270344519,-1.973219641,0.242059242,0.694191406,-0.73472153,0.336003183
1.024654695,0.001147522,0.014046956,-0.543182206,0.26881373,0.453368002,-0.224296905,0.389486157,0.480009889,0.123397972,-0.107708677,-0.531489608,-0.831162912,0.287709083,0.022387494,-0.767554785,1.589323527
0.19817078,0.238020279,-0.275911789,-0.522212531,0.250855402,0.279150622,-0.270131083,0.299941912,0.491670604,0.320898334,0.085471456,0.040655542,1.261623011,0.186819098,-0.110056919,0.347536912,1.547079627
-0.497198767,0.162827372,-0.395236984,0.374748371,0.028621086,0.014400627,-0.142845167,-0.196934721,-0.509367453,0.055974338,-0.579723423,0.580157556,1.21177687,0.147690663,0.317633761,1.333154074,0.45648809
-0.579792641,-0.081987447,-0.243825584,1.026161153,-0.364217351,-0.115658185,-0.07755021,-0.164060086,-1.417942902,-0.423623965,-1.226616063,0.686692883,-0.034484076,-0.406245225,0.592104434,0.485684384,0.202224226
-0.722355664,0.116715095,-0.281530571,0.023675439,-0.55783058,-0.038040818,-0.046666035,0.259239982,-0.924626079,-0.461788286,-0.484094224,0.569029215,-1.212206578,-0.513273004,0.418108833,-0.911277715,0.203511804
-0.527728516,0.151986306,-0.57666451,-1.327853885,-0.242998633,0.055462556,0.028165992,0.203196556,0.223885721,-0.400725372,0.562244784,-0.056680355,-1.150758318,-0.392051577,0.10719132,-0.633743781,-0.46020735
-0.125935214,0.136494755,-0.504507515,-0.896960902,0.244682226,0.017421738,0.117584817,-0.20382274,0.702249392,0.148840852,0.868990311,-0.640102225,-0.546696143,-0.00537057,0.104863021,0.822689875,-1.583476625
0.266862715,0.01446482,0.011976878,0.401806015,0.39452203,-0.059515879,0.019847417,-0.221668971,0.244189083,0.106542063,0.588142453,-0.537424724,0.095824909,0.425425831,0.455898922,1.295984351,-1.439456582
0.13547576,-0.22280051,0.32648083,1.296737594,0.1004544,-0.125275388,-0.104415693,0.164686269,-0.159134459,-0.027033061,0.032303452,-0.203722845,0.569040965,0.503299089,0.297126817,0.418159387,0.197827594
-0.143653372,-0.13848782,0.28478355,1.399556642,-0.213255151,-0.216311521,0.001136481,0.278964764,0.275330051,0.401361444,-0.404754017,-0.043177966,0.901527615,0.578870675,-0.502017159,-0.218062376,0.915695613
-0.194627149,0.031224685,0.02084864,1.109363409,-0.293506432,-0.245817702,0.072793391,0.114904678,0.830242883,0.390866256,-0.502396463,0.340527261,0.035665773,0.035292314,-0.731354645,0.165405268,0.214754042
-0.136293522,0.12432498,-0.320566323,0.915224812,-0.127953091,-0.136302441,0.182586866,0.12586289,0.775368932,0.143752276,-0.11100308,-0.039320141,-1.427920049,-0.285023798,0.077012978,0.411964433,-0.812606294
0.0147197,0.203655007,-0.452459846,0.694705013,-0.091475236,0.013116655,0.24304299,0.229183173,0.377532785,-0.529529956,0.41335607,0.016618324,-1.436084503,-0.214822782,0.826367169,-0.125757564,-1.175433209
0.159190833,0.114601238,-0.226377786,0.554005263,-0.334473869,0.085321199,0.071539746,0.008140386,0.37231976,-0.80653932,0.403289838,0.41664512,-0.36825985,-0.305738852,0.756876388,-0.592857086,0.216230071
0.713632879,-0.135528421,-0.058849353,0.133935338,-0.461865762,0.009919313,-0.075745899,-0.312152491,0.459569342,-0.142480132,0.019400373,-0.075524347,0.802479895,0.00537057,0.17909995,-0.341341959,1.425549275
0.527455929,-0.413228812,-0.027354599,-1.087717294,-0.440540247,-0.08902206,-0.13361272,-0.32968563,0.093971642,0.103997775,-0.10102836,-0.717555484,1.417177347,0.197176625,-0.32112621,0.250276137,0.47226265
0.139291979,-0.243184129,-0.007984586,-1.591665915,-0.379930888,-0.002542768,0.030907607,-0.133064001,-0.659584895,0.344432998,0.064515393,0.040062031,0.874026296,0.13810036,-0.32264856,0.534005024,-1.101813514
-0.285943808,0.128371505,-0.055892099,-0.167080952,-0.334473869,0.173814565,0.234747847,0.035066278,-0.931622508,0.286550445,0.494251966,0.171673221,-0.204111352,0.010357527,-0.008059498,0.380370168,-1.430157226
-0.732168798,0.48147619,-0.186159133,0.789406767,-0.351309802,0.253672589,0.169417742,0.139012744,-0.324853792,-0.413128776,1.134372778,0.061428447,-0.72749583,-0.087847173,0.046565987,0.177175681,-0.38495439
-0.368537682,0.115144801,-0.276355377,0.616237845,-0.285088466,0.24138674,0.180056145,0.193490712,0.198506519,-0.015583764,0.810423146,0.521251533,-0.912700026,0.019180606,-0.299455116,-0.039028209,0.451659069
0.097858749,-0.416731775,-0.060032254,0.704851629,-0.040406239,0.093176087,0.212065085,0.1559197,0.160506308,0.521261019,-0.282403549,0.192742881,-0.346774445,0.088230785,-0.445779775,-0.648611671,0.125803249
0.228973116,-0.189733749,0.202571892,0.455244862,0.300240805,-0.155234735,-0.056671758,-0.057921977,0.107827314,0.073466318,-1.430136961,-0.291414179,0.82364302,-0.038744823,-0.229247936,-0.957739869,-0.500154296
0.244510578,0.241764825,0.268518654,0.200226566,0.526403505,-0.212686189,-0.334992536,-0.18785506,0.497295184,-0.337754242,-1.321787706,-0.57496433,1.388816611,0.002301673,0.495480011,-0.462143559,-0.098466643
-0.267680476,0.418181277,0.201536853,0.750849624,0.407990776,-0.012890072,-0.355285173,-0.117409412,0.80006221,-0.505995291,-0.672515775,0.048074437,0.943639009,-0.072119077,0.766189585,-0.118943114,0.410351203
-0.624224329,0.296060748,-0.038592163,0.927400752,0.085302061,0.150703069,-0.356222477,-0.050094683,0.251322697,-0.474509726,-0.07119571,-0.10416128,-0.334635191,-0.154212069,-0.24850118,-0.2954993,0.109522276
-0.446497577,-0.083104771,-0.124352526,0.501919298,-0.292384036,0.159288058,-0.193365865,-0.036318645,-1.002409905,-0.197500362,0.329623326,-0.236959493,-1.810789975,-0.08362744,-1.31996663,-0.359307325,-0.477559085
0.336372411,-0.630050127,0.174330117,0.553328822,-0.447835818,0.012814544,0.096073685,-0.041954297,-1.329047101,-0.163152473,0.353873793,0.349578313,-1.837861586,0.168022104,-1.133344483,0.027257797,-0.399280765
1.174577569,-0.556487909,0.181427527,0.074408521,-0.280037686,-0.188215192,-0.108446101,-0.114591586,-0.09054202,0.468149006,-0.138730972,0.011573476,0.026641903,0.508286047,-0.314947262,0.328952051,-0.024330444
0.489293743,-0.162283809,-0.252845208,-0.541152882,0.018519526,-0.281164696,-0.316527643,-0.173452839,1.263747099,0.557835161,-0.671417641,-0.448546367,2.402498043,-0.077106034,1.089285895,0.170361232,0.348750337
-0.670291539,0.214647062,-0.397307061,-0.129876692,0.107749971,-0.263440847,0.079741158,-0.261744717,1.026691629,-0.00159018,-0.800539937,-0.025669375,2.218153264,-0.299217446,1.439247197,0.171600222,0.316616125
-0.688282284,0.386171445,0.152890027,0.691999248,0.164430946,-0.179076333,0.476150555,-0.268632735,-0.266413034,-0.160926221,-0.477505418,0.371834997,0.40478504,-0.368267626,0.674490411,0.05637408,-0.088889286
-0.573795726,0.27625089,0.609933617,0.836757644,0.505639188,-0.02839844,0.38223267,-0.235445008,-1.044525663,-0.420443604,0.108532278,0.389491966,-1.714965067,-0.375939868,-0.263635126,-0.707463733,-0.292006295
-1.033650068,-0.068519159,0.179209586,-0.106877694,0.970310939,0.189952331,0.214783267,-0.057295793,-0.664249181,-0.401997516,0.686150943,-0.348984801,-1.786296613,-0.038744823,-0.994362922,-0.95092542,-0.122032994
-0.133295064,-0.267553879,-0.383260105,-0.457950627,1.143721049,0.304830063,0.006736874,0.316848867,0.168325846,-0.324078694,1.228812332,-0.585350783,-0.264377915,0.17454351,-0.917708143,-0.467099522,0.134332352
1.194476423,0.028114296,-0.232588019,-0.261782707,0.528087099,0.164323242,-0.129066794,0.300255004,0.303864505,0.345705142,1.266880989,0.311148439,1.354439963,0.562758966,-0.365632548,-0.289304346,-0.324461318
1.159040108,0.257769741,0.053969884,0.041262907,-0.450080609,-0.092345282,-0.02728727,-0.238262834,-0.359012826,0.365423375,0.75405225,0.203426089,1.659103013,0.212137497,0.256381578,-0.253373613,-0.454801383
0.443771706,-0.021953913,0.200058226,0.467420802,-1.147649433,-0.360116387,-0.046326262,-0.510339579,-0.439677535,-0.101135451,0.261905041,0.129682277,0.83664169,-0.401258268,0.525121053,0.017345871,-0.250352903
-0.164369987,-0.244754423,0.223568395,0.167757394,-1.038215869,-0.544605543,-0.195709126,-0.271763653,0.217575217,-0.14184406,0.103865207,0.384595495,-0.306489309,-0.30343718,0.518315255,0.056993576,0.866249908
-0.712815118,0.073320634,-0.06032798,0.258400501,-0.349626209,-0.447225077,-0.184742666,0.135881827,0.500450436,-0.265242032,-0.196657559,-0.347352644,-1.219081908,-0.441537539,-0.258620328,-0.012389908,1.394381309
-0.482479066,0.17451398,-0.120212371,0.777230827,0.164992143,-0.130436452,0.119974943,0.234818825,-0.048700632,-0.079509002,-0.974045164,-1.208092794,-1.217792784,-0.092066907,-0.851082962,0.446656174,-0.070709845
0.065693477,0.015914322,0.03016399,0.645324812,0.501149606,0.173638334,0.215205054,-0.147466222,-0.679065147,-0.028305205,-1.431967185,0.139030085,-0.325396466,0.117001694,-0.380318744,0.830743315,-0.997045914
-0.077142133,0.065529562,0.04391522,-0.186697744,0.689150858,0.327387689,-0.141392345,-0.496876633,-0.362991188,-0.443024161,-1.110213822,1.251122383,0.495023743,0.364047893,0.040566139,0.3760337,-0.740673706
-0.370990966,0.015733134,0.178913861,-0.586474436,0.815981553,0.273914031,-0.197490004,-0.083595502,0.577685522,0.173965697,-0.345088718,0.289485267,0.34333678,0.542427525,-0.353632851,-0.386565122,-0.604465715
0.251325254,-0.014676206,0.321749224,0.08590802,0.866489352,0.140255061,0.202738908,0.550415325,0.55820527,0.826575589,0.282952616,-0.941902856,0.188749287,0.008055854,-0.476674517,-0.413822919,0.126668709
0.466941605,-0.125955669,0.296021115,0.459303509,0.616756346,0.093025032,0.361658842,0.306829931,-0.327597489,-0.052157906,0.50065775,-0.343939953,-0.092816952,-0.35445759,-0.050685286,0.0402672,1.196524266
0.022352138,-0.238684634,0.012716192,0.272605764,0.011785153,0.118931055,0.17002699,-0.424865527,-0.633931322,-0.384505535,0.959403372,0.622000122,-0.353649774,-0.260089011,0.256650228,-0.224876826,1.684396977
-0.4775725,0.101616118,-0.241164055,-0.372719048,-0.505639188,0.167596112,0.194912417,-0.570453198,-0.121545802,-0.090640263,1.11387427,0.247345945,-0.502758489,0.090532458,-0.184920698,-0.608344471,0.648269939
-0.308295946,0.229987623,-0.146384068,-0.430892983,-0.591502446,0.296673064,0.258930297,-0.102694099,0.440912199,-0.34347889,0.637100942,0.01899237,-0.517583418,-0.056774592,-1.011556517,-0.107172702,-0.676151154
0.369082856,0.236268798,0.137808032,0.136641103,-0.285649663,0.410669639,0.125036386,0.215094043,0.368890138,-0.069649886,0.161151215,0.391420878,0.435294315,-0.023783951,-0.837471366,0.180892653,-0.864258679
0.077142133,0.24436185,0.110749159,0.227284211,-0.021325515,0.326078541,-0.154420874,0.230748632,-0.385077953,0.021944485,-0.066254105,-0.457003906,1.297288784,0.386681008,0.080147228,-0.237266733,-0.078970054
0.307750772,0.020111838,-0.122726037,-0.162345865,0.147033815,0.073211581,-0.334617615,0.081090767,-0.927644147,-0.233756467,-0.462955137,-0.106683704,0.034161795,-0.056774592,0.868276557,-0.452231633,-0.243101548
0.259775452,-0.496454375,0.130267034,-0.104848371,0.345697824,-0.225274149,-0.439970611,-0.152788782,-0.684003803,-0.021626449,-0.578442266,0.001928913,-0.994344566,0.167638492,0.368319047,-0.579847683,0.274348674
0.453312253,-0.579196771,0.530827075,0.293575439,0.352993395,-0.377034607,-0.463403217,-0.127115257,0.185473955,0.255700952,-0.066803173,-0.523328824,-0.178006585,0.36711679,-0.084714276,-0.537721996,0.917328958
0.112033275,-0.22781337,0.358714898,-0.00608797,-0.021325515,-0.286804103,-0.310763222,0.160929168,0.933543097,0.389276076,0.06662015,0.306993858,0.79904223,-0.140785645,-0.006984898,-0.03221376,0.51057304
-0.881546498,0.204832727,-0.057518588,-0.295604762,-0.489364453,-0.094510411,-0.013801805,0.217598778,1.01461936,0.595681446,-0.458288066,1.144587056,0.372342077,-0.117768918,-0.149190258,0.47948943,0.04585407
-0.748524021,0.492589037,-0.110749159,0.273282206,-0.755372194,0.047758724,0.221438127,-0.103320283,0.538999387,0.32439673,-0.769426131,0.484602194,-0.568933538,0.197176625,-0.201397894,0.770652262,-0.082649595
0.100584619,0.268157838,0.140025972,0.792788973,-0.94730183,0.14841206,0.225515401,-0.334695098,0.200152737,0.017810017,-0.909255237,-0.466203336,-0.331949515,0.060994326,0.050147986,0.699410292,-0.38702514
-0.163824813,0.088419611,0.099363731,0.340249875,-0.948424226,0.19100972,0.179493762,-0.134629459,0.363128373,-0.088732047,-0.671326129,0.087839712,0.297250585,0.154595681,0.013880246,0.517898144,0.071470709
-0.045794623,-0.246898478,-0.237171763,-0.027734085,-0.474212113,-0.045669122,0.217079663,0.325928529,0.411554635,-0.755017486,0.246439649,0.264409403,0.452375213,0.641783061,-0.354617901,0.314703657,1.013165117
-0.139837153,-0.492226662,-0.359897799,0.146787719,0.201469998,-0.486700923,0.283815725,0.482787504,-0.104260507,-0.336800134,1.095938076,-0.250758637,0.567322132,-0.138867584,-0.078087578,-0.250276137,1.108498554
-0.630493831,-0.137340298,-0.097145791,-0.516124562,0.62573551,-0.646014157,0.166512099,0.310587032,-0.847939733,0.381961247,1.309708228,-0.434598845,0.803661593,-0.311876646,0.397154139,-0.74277497,-0.505114915
-0.294666594,0.284102358,0.346442294,-0.698763659,0.613950357,-0.475824925,-0.05156345,0.017533139,-0.880864103,-0.266832212,1.091911583,-0.150010048,0.072405817,-0.358677324,0.276709423,-0.567457775,-2.044872373
0.27013376,0.443547559,0.603723383,-0.047350877,0.40967437,-0.262534514,-0.239434369,-0.186915784,-0.128542231,-0.108450279,0.489310362,-0.077304882,-0.41885798,-0.26354152,0.090445475,-0.023540825,-1.380388544
0.016082636,0.328191372,0.260977657,-0.191432832,0.213816349,-0.04587053,-0.458341775,-0.091735888,0.136498954,0.430302721,-0.282678083,0.168557285,-0.042970811,0.085161889,-0.237486534,0.251515127,0.360762746
-0.012811591,-0.03602616,-0.272954535,-0.507330827,-0.026376295,0.114122454,-0.389356182,-0.072324198,-0.276701899,0.310721181,-0.523993105,0.614581227,0.083363373,0.215590006,-0.618163477,0.161068801,1.755305263
0.112578449,-0.407672389,-0.418451427,-0.143405514,-0.211571558,0.202892755,-0.134409428,-0.435823739,-0.533100437,0.2614256,-0.729069694,0.428070217,-0.224307633,0.018029769,-0.67905746,0.102836234,1.455985826
0.158373072,-0.167296669,-0.292620273,0.530329825,-0.213816349,0.235545926,0.032852514,-0.489675522,-0.048014707,0.05183987,-1.141693674,-0.004154581,0.02964986,-0.148457887,-0.316738261,0.242842192,0.743629455
-0.035708903,0.097780977,0.080733031,0.944988221,-0.186317659,0.166362492,0.101463184,-0.097058448,0.774408638,-0.33552799,-1.317395169,-0.160990012,0.580643084,0.016878933,-0.003223799,0.239744715,-0.344664165
-0.154284266,-0.025034104,0.40928394,0.492449123,-0.129636684,0.092395633,0.169136551,0.150284048,1.044251293,-0.154883537,-0.927191432,-0.641882759,0.353649774,-0.25088232,-0.064386432,0.184609625,-1.431941829
0.131386955,-0.225095554,0.028093912,-0.023675439,0.163869748,0.132551229,0.177712884,0.380093404,0.430211778,0.112266711,0.109721923,-0.279840704,-0.59847597,-0.000767224,-0.060983533,0.25647109,-1.545460325
-0.11067034,-0.240979679,-0.49652293,-0.361219549,0.560636569,0.257700737,-0.013473748,0.650917782,-0.272449168,0.101453487,1.268345168,-0.198974753,-0.976296826,0.233619775,0.384527592,0.142483939,-0.914041806
-0.091589247,0.056439977,-0.268814379,-0.382189223,0.803635202,0.319029283,-0.131316324,0.348784228,-0.333496439,-0.181916597,1.521282112,-0.275389367,0.327867288,-0.258554563,0.526195653,-0.078675914,0.29944947
0.340461217,0.277096432,0.281678434,-0.012852381,0.695885231,0.151634578,0.03641427,-0.154041149,-0.182318703,-0.021944485,1.202091063,0.387563053,1.781569824,-0.240908406,-0.079520378,-0.133191508,1.798598741
0.737620539,0.285068692,0.33964061,0.001352882,0.385542866,-0.19415671,0.301530775,-0.227617714,-0.347900851,-0.250612375,0.942931357,0.629270639,1.085012978,0.146923438,-0.587089636,0.173458709,1.662289644
0.234970031,0.298235001,0.116220078,-0.573622055,0.281721279,-0.365453683,0.452155567,-0.206953657,-0.653411575,-0.40167948,0.610196651,0.180575894,-0.48718157,0.275049883,-0.431004029,0.414442414,0.086656647
-0.424690613,0.04251872,-0.056187824,0.074408521,0.512934759,-0.163416909,0.354301004,-0.243898486,-0.831065993,0.056292374,0.349023699,-0.663249176,-0.907543528,-0.076722422,-0.345036053,-0.164166278,-1.472640652
-0.663204276,-0.437387176,-0.082803109,0.660882958,0.931588293,0.084666625,0.142704571,0.202570373,-0.854936161,-0.422033785,0.162798417,-0.731057872,-0.110649838,0.199478298,-0.295694017,-0.701268779,-1.961197434
-0.401793302,-0.480751439,-0.044358808,0.217814035,1.193106452,0.20563693,-0.186476679,0.660310535,-0.794574815,-0.544159612,-0.394047207,0.339488616,-0.003330238,-0.163035147,-0.059192533,-0.216823386,-1.319411125
0.269043412,-0.039831102,-0.161022475,-0.196844361,1.094896843,0.344406612,-0.451968106,0.307769206,-0.429800224,0.780460367,-1.13071233,0.677345076,-0.227852725,-0.475679017,0.077998028,0.521615116,-0.138898818
0.493927722,0.315145855,-0.063876684,-0.226607769,0.608899577,0.503518439,-0.373562606,-0.355359155,0.153784249,0.653882035,-1.484311589,0.03234638,0.380291677,-0.126591997,0.049610686,0.468338513,0.570262961
0.143108198,0.186140193,0.38459087,-0.338896993,-0.005611978,0.43393219,-0.035594129,-0.352228237,0.494551486,-0.120217612,-1.612427263,-0.585350783,0.902387031,-0.219426127,-0.246441531,0.009911926,0.643043716
-0.488203394,0.127374973,0.529939899,-0.470126567,-0.381614481,0.200173755,0.098885598,0.162807718,0.721866829,0.523487272,-0.938172775,-0.595440479,0.684954727,-0.019180606,-0.298559616,-0.086729354,1.323949265
-0.397159322,0.145946715,0.217062436,-0.436304511,-0.274986906,0.112309788,-0.100713341,0.328433263,0.931759693,0.472283474,0.381144129,-0.494395135,-0.134606065,0.158431802,0.130742963,-0.007433945,1.361936277
-0.031074923,0.121939341,0.028389637,-0.725821303,0.059486963,0.150929652,-0.101322589,0.026299708,0.930662214,-0.289412769,1.768728384,-0.779280687,-0.742965322,0.318781664,0.439153077,0.468338513,-0.450639984
0.563982592,-0.376870475,-0.044654534,-0.471479449,0.252538995,0.083105718,0.027474731,-0.113965403,0.667404433,0.167604977,1.815948161,0.261590223,-0.438409699,0.333742536,0.237934283,1.141729999,-1.545830646
0.69973094,-0.580887857,-0.226229923,0.113642105,0.170042923,-0.060296333,-0.00449906,0.140578203,0.215654629,0.232802359,1.110945912,1.107789339,0.385125894,0.390133517,-0.081669577,1.132437568,-0.924929169
0.288124505,-0.424945619,-0.41919074,-0.056144612,-0.119535124,-0.072557007,-0.06325632,0.352541329,-0.205640133,-0.466558826,0.364306069,0.764739654,0.978875074,0.093601355,-0.218412389,0.708702723,-0.24689712
-0.093224769,-0.095727516,-0.333430377,-0.493125564,-0.088669247,0.058911657,0.016871476,0.097058448,-0.291655051,-0.112266711,-0.506972022,-0.09080727,0.35418691,-0.814792123,0.118832817,-0.117704124,-0.120609243
-0.660205819,0.287122153,0.071269819,-1.197977193,0.370390526,0.125804082,0.125551903,-0.230748632,-0.062830674,-0.14979496,-0.89644367,-0.880622787,-0.195409763,-0.598818505,0.375393495,-1.057478626,-0.156214725
-0.241239533,0.442218849,0.269257967,-1.103275439,0.835623475,-0.025754968,-0.099494845,-0.086726419,-0.299200219,-0.142480132,-0.416741984,-0.033681781,-0.299721407,-0.345634512,0.312618962,-1.17518275,0.799058475
0.239604011,0.450191109,0.037261399,0.002029323,0.912507569,-0.277539363,-0.221391262,-0.01596768,-1.118605497,0.461788286,-0.046579198,1.039832265,-0.051779827,-0.176077959,0.520285354,-0.750208914,1.291627405
0.038979947,0.097539394,-0.148306283,0.109583459,0.444468631,-0.351757981,0.088563535,-0.461184172,-1.71261602,-0.00477054,-0.352867169,0.508491035,0.318843418,0.856605843,0.238023833,-0.85552313,0.570221235
0.075506611,-0.098022561,0.006653821,-0.503272181,-0.268252533,-0.369079016,0.290236259,-0.42016915,-1.36306895,-0.618580038,-0.300614277,-0.28785311,-0.111616682,1.056467753,-0.533180551,-1.184475181,-0.488171215
0.143108198,0.050853356,0.169598511,-0.233372181,-0.98770807,-0.499490291,0.178322132,0.307456114,-0.501822285,-0.251884519,0.294391516,-0.538611747,-0.388456131,0.369034851,-0.841411564,-0.950305924,-0.399311779
0.178271926,-0.051064741,0.084873187,-0.294928321,-1.056735395,-0.506640253,-0.111773531,0.441772482,0.493179637,0.042298789,0.402557748,-0.588911852,-0.033087524,0.240141181,-0.479987866,-0.688878871,0.200059793
0.151013222,-0.121123996,-0.242346957,-0.252312531,-0.277792895,-0.357397388,-0.166652694,-0.09580608,1.023673562,0.165696761,-0.033401586,0.27093803,-0.00902387,-0.36174622,-0.020865144,-0.690117862,0.280582428
-0.131659542,0.14957047,-0.519293785,0.631119549,0.543800636,-0.246824739,0.015278059,-0.222608246,0.676458635,0.649111495,-0.368881629,0.699156626,-0.305092758,-0.812106838,0.459033171,-0.327093565,-0.399231576
-0.629130896,0.183694159,-0.366847346,0.357160902,0.775014116,-0.182701665,0.069266784,0.103320283,0.10096807,0.627485047,-0.331270527,-0.022998573,-0.146637893,-0.621068007,1.139075681,0.130094031,-0.633769236
-0.232789335,-0.189854541,0.108679081,-0.562122557,-0.056119777,-0.188869766,0.083314631,0.210397667,0.159271644,-0.208949658,0.016380504,-0.576151353,0.21034212,-0.704695447,0.707803002,0.066286006,-0.113525356
0.563164831,-0.200544617,0.240572605,-0.342955639,-1.390648066,-0.221548113,0.070110357,-0.036005553,0.684140988,-0.429666649,0.130861009,-0.407000557,0.268137861,-0.391284353,-0.421690832,0.044603668,0.316814807
0.493382548,0.095848308,-0.072452721,-0.180609774,-1.993374468,-0.185571721,-0.144532314,-0.230122448,0.883470616,-0.106224027,0.09416502,0.398988151,0.155339482,0.357910099,-1.043436308,0.662860065,-0.08648256
0.293848833,0.155670457,-0.330177398,-0.365954637,-1.484368093,-0.10254153,-0.265866348,-0.062931445,0.459020603,-0.217218594,0.262911664,0.962527383,0.752526328,0.703928223,-0.399930188,0.788617628,-0.236401342
0.434776334,0.064200852,-0.175808744,-0.412629073,-0.31651554,-0.018428775,-0.038288878,0.249534138,-0.014953152,0.235028611,0.327061012,-0.122411761,0.160066271,0.6651834,0.434406928,-0.362404802,-0.19566934
0.305024901,-0.151080367,0.169746374,-0.38624787,0.664458156,0.055714315,0.020901885,0.398252727,-0.062281935,0.823077192,0.106152987,-0.703311207,-1.278811335,0.611861317,0.75114519,-1.10270179,0.303222374
-0.041433231,-0.312609227,0.158065221,-0.379483459,0.718894339,0.154680864,-0.029782842,0.242959211,0.144730047,0.243933619,-0.149437782,-0.770971525,-1.154625691,-0.097437476,0.720966848,-0.039647705,1.245387808
-0.074143676,-0.047742966,-0.069495467,-0.464038597,0.048263008,0.227388927,0.218579349,-0.005635652,-0.048563447,-0.155519609,-0.357625752,-0.625116058,-0.270823536,-0.878088121,0.224233137,1.216069446,1.276646047
-0.237695902,0.310676558,-0.154516516,-0.342279198,-0.493292837,0.299794878,0.461528609,-0.145900763,-0.752184688,-0.105587955,-0.349298233,0.052377396,0.752096619,-0.656743934,-0.188323597,1.053761654,-0.419100894
-0.924342663,0.237386122,-0.054709197,-0.451186216,-0.345697824,0.501302958,0.35894066,-0.233566458,-1.143573145,-0.106224027,-0.153555786,0.428515351,1.429638882,-0.633727207,-0.137101012,0.567457775,-1.221041295
-0.631311592,-0.14661107,0.036078498,-0.71770401,0.292945234,0.676728782,-0.016777746,-0.244211578,-0.695252963,-0.119899576,-0.197664182,0.185917498,0.607070132,-0.077489646,-0.064117782,0.494357319,-0.822319702
-0.007632437,-0.305120134,-0.061363018,-0.285458145,0.786238071,0.564544873,-0.201895334,-0.269572011,-0.165170593,-0.057564518,-0.253028455,-0.15624192,-1.45499166,0.637563328,-0.003761099,0.052037613,-1.043708793
0.196535258,-0.06658649,-0.010202526,0.264488471,0.904089602,0.305434285,-0.195849721,-0.058861252,-0.248441815,0.082371326,0.141201774,-0.067808696,-1.72785631,0.618766335,0.120534266,-0.569935757,-0.808552019
-0.143380785,0.35198736,0.229039314,0.28207594,0.618439939,0.130763739,-0.24852622,0.356924614,-0.288774169,0.408994308,0.387641424,0.117960424,-0.774978576,0.503299089,0.244023682,-0.707463733,0.942468271
-0.380258925,0.356456657,0.019813601,-0.07982005,0.083057269,0.026107431,-0.251197537,0.334068915,0.367381104,0.100817415,0.107983211,0.419909433,-0.662717333,0.037593987,-0.011731047,-0.885258909,1.604089835
0.145834068,0.0428207,-0.455121375,-0.479596742,-0.470844926,-0.149544976,-0.225655996,-0.279904039,1.398188279,-0.27096668,-0.235092261,0.494543513,0.080033135,-0.267377641,-0.07011763,-1.213591464,0.329886383
0.565618115,-0.272989511,-0.389618201,-0.74814386,-0.73629147,-0.258909181,-0.191444391,-0.60802421,1.756515181,-0.166332833,-0.252936944,-0.492911356,1.528471747,-0.234003388,0.07002808,-0.901985284,-0.618014737
0.629130896,-0.410329809,0.106017552,-0.029086967,-0.574105315,-0.176634268,0.072031831,-0.278025488,1.282952982,-0.302770281,-0.077876027,-0.643069783,0.938052804,-0.260089011,0.113549368,-0.112128665,-0.945626232
-0.020171441,-0.324929993,0.423922346,0.327397494,-0.223356711,-0.057023463,0.234419791,0.013149854,0.496609259,-0.041980753,0.09187724,0.135172259,-0.415205461,-0.469157611,-0.020506944,0.450992642,-0.347464403
-0.150195461,-0.118194795,0.311694561,-0.536417795,0.068466128,0.010649415,0.058171445,0.043519756,-0.262709042,0.322170478,0.275357187,1.043838468,-2.185495447,-0.336811433,-0.227546486,0.737819007,0.728309472
0.232516748,0.142262565,-0.110009845,-0.880049875,0.162747352,0.000151056,0.027263837,0.174079022,-0.558754009,-0.155837645,0.265290955,0.979590841,-2.330736788,-0.266610417,-0.388199141,1.067390553,1.378205534
-0.092407008,0.244603433,-0.242199094,-0.346337845,0.011785153,-0.115733713,0.246089229,0.173452839,-0.522125647,-0.326941018,0.134795991,-0.521696667,-0.532623202,-0.113932797,-0.130474313,0.978802712,0.294269347
0.009540547,0.102340869,0.025432384,-0.278693734,-0.427071501,-0.186201119,0.159810373,-0.078899125,-0.38864476,-0.391502328,0.044748975,-1.038348486,1.547378904,0.741138598,0.360080449,-0.102216739,-0.347712996
0.423055091,0.048648905,0.152890027,-0.579033584,-0.748076623,-0.123387193,-0.092980581,-0.147779314,-0.353251062,0.059154698,0.085105412,-0.164996216,1.190291465,0.826684099,0.580552487,-0.797910059,-0.558730846
0.336372411,-0.027359347,-0.059884391,-0.356484461,-0.570176931,0.021449885,-0.174947837,-0.063244537,-0.354074171,0.564831953,0.142848976,-0.33919186,-0.276194888,0.56889676,0.46315247,-0.087968345,-1.023514451
0.155102028,-0.313092394,-0.12671833,0.079143609,-0.321005123,0.22829526,-0.157185921,-0.036005553,-0.301806732,0.589638762,0.146143379,-0.057867378,-2.081076377,0.308807749,0.152324507,0.565599289,-0.681328429
0.324651168,-0.254508362,0.166493394,-0.022322556,-0.184072868,0.373006459,-0.073765844,-0.220416603,-0.396052744,0.241071295,0.278560079,0.063060604,-2.015331036,-0.353306754,-0.002865599,0.286206869,0.021518848
-0.108217056,0.095516131,0.297499742,-0.548593734,-0.007856769,0.304729359,0.029372772,-0.312778674,-0.2531061,0.117037251,-0.141750842,-0.456558773,0.10807159,-0.930642981,-0.011104197,0.133811004,0.256088829
-0.572160204,0.535349341,-0.002661529,-1.514551629,0.104382785,0.082174209,0.109852057,-0.055104151,0.14651345,-0.273510968,-0.727514003,0.615323117,1.440381585,-0.572732881,-0.25047128,-0.124518573,1.197304227
-0.394433452,0.389070449,-0.257724677,-1.503728572,0.244121029,-0.161553891,-0.022413288,0.232000999,0.370673541,-0.786503051,-1.034808597,0.947392838,0.398339418,0.059076265,-0.164503304,-1.096506836,1.638387677
-0.217797048,0.158358075,-0.074818524,-0.560093233,0.267130137,-0.393147197,-0.164168838,0.319979785,0.582212623,-0.141526024,-0.739044414,0.233101668,-0.258899136,0.393202413,0.46386887,-1.581571724,0.53122918
0.1640974,0.058131063,0.071713407,-0.328750376,0.090914038,-0.561926578,0.111304879,0.019724781,0.861795405,0.197500362,-0.343350005,-0.197936107,-0.151364682,0.540893076,0.764040386,-1.133676559,-0.054624143
0.162461878,-0.065076592,-0.021587953,-0.531682707,-0.048824206,-0.550849172,0.392168095,-0.247342495,0.98087188,0.042298789,-0.388739558,0.654198124,-0.330982672,0.516725513,0.154205057,-0.322757097,-0.141465268
-0.15946342,0.194625818,0.005027332,0.209696742,-0.250855402,-0.477738295,0.356597399,0.069819464,0.762885108,0.21753663,-0.447581257,0.762068852,-0.388993267,0.164569595,-0.257097978,0.800388041,-1.482316747
-0.168186206,0.17215854,0.091822734,0.749496742,-0.556708185,-0.381264162,0.1535773,0.224173705,0.326225641,0.490093491,-0.090413061,-0.947689594,-0.179295709,0.079024095,0.449451324,1.322003157,-2.554594036
-0.682557956,-0.405618928,0.021292228,0.39842381,-0.65828498,-0.091212365,-0.10816491,-0.334068915,-0.036628362,-0.117355287,0.607542826,-0.898576512,0.707729257,-0.557004785,0.652282017,0.731624053,-0.862385006
-0.45631071,-0.660731249,-0.102320985,0.031792732,-0.588696457,0.277136549,-0.224624962,-0.553546243,-0.217849587,-0.181280525,0.991981358,0.101045344,1.222949281,-0.521328858,0.126981864,0.389043103,2.011692315
0.27476774,-0.34002897,-0.06032798,0.221196241,-0.525842307,0.374819126,-0.14476664,0.120227238,-0.504840352,0.222943243,0.730533873,0.03234638,0.324214769,0.185668262,-0.275993023,0.72666809,3.223901269
0.426326136,0.154462538,0.048498964,0.579710025,-0.319882727,0.193653192,-0.091211419,0.627122808,-0.882373137,0.009859116,0.147424536,0.102232367,-1.223808697,0.309958585,-0.473540267,0.917472669,1.298359388
0.140382327,0.410692184,0.085760363,0.109583459,0.086424456,0.088015023,-0.086337437,0.314657225,-0.644768928,-0.00477054,-0.350945434,0.213515786,-1.155485108,0.266994029,-0.07101313,0.941013494,-1.601443422
-0.173637947,0.236993549,0.130710622,0.001352882,0.559514173,0.116816278,0.027029511,-0.292114618,0.07929286,0.028305205,-0.318367449,-0.500181873,0.477835418,0.516341901,1.051674906,0.750208914,-2.401327196
-0.331738432,-0.067492429,0.06091943,0.382189223,0.653234201,0.120542314,-0.054410511,-0.455861612,0.522948756,-0.497090283,-0.037794124,-0.024482352,1.929819122,0.238606733,1.269460445,0.013009403,-1.302731826
0.034345967,-0.175117939,-0.015821308,0.687264161,0.372074119,0.076635506,-0.215205054,-0.175331389,0.645317667,-0.110676531,0.090962128,1.148593259,1.164508978,-0.299984671,0.32264856,-0.539580483,0.211659553
0.016900397,-0.0029594,0.126126879,0.503272181,-0.038722646,5.04E-05,-0.146219462,0.043832847,0.764668511,0.039436465,-0.333558307,-0.139771974,-0.43765771,-0.040279272,-0.645386669,-0.462143559,1.698100467
0.031074923,0.275767722,0.180983939,0.142729073,-0.462988158,0.027920097,-0.042893385,0.08516096,0.786892462,-0.631619515,-0.789558594,-1.044135224,-0.994344566,0.069433792,-0.503181309,-0.499932778,1.942263709
0.33555465,0.243214327,-0.017447798,-0.210373183,-0.584206875,0.225072742,-0.043666661,0.102067916,0.402500433,0.139617808,-0.664188256,0.65731406,0.054787784,-0.599585729,-0.087758975,-0.755164877,0.849334293
0.01662781,-0.227994558,-0.22549061,-0.480949624,-0.307536376,0.335947502,-0.05574617,0.153101874,-0.115098113,0.61285539,-0.376385547,0.591285898,0.540465375,-0.454580351,0.054088185,-0.406388974,-1.151089104
-0.132204716,-0.716537069,-0.28034767,0.058173935,-0.01010156,0.205737634,-0.150015544,-0.046337581,-0.235134881,-0.284006156,0.074398602,-0.461306865,0.10807159,-0.234003388,0.144802309,0.508605713,-1.694248404
0.140654914,-0.420113946,-0.106017552,0.570916291,0.113923147,-0.054455519,-0.106899549,-0.352541329,-0.073942649,-0.136119412,0.596836016,-0.401658953,1.075559399,0.298450222,0.200412844,0.725429099,-0.773195772
0.318109079,-0.004741079,0.09492785,0.978133835,0.276109301,-0.269080254,0.084673722,-0.315909592,-0.019617438,0.304360461,1.125221658,0.305510079,2.037246149,0.820929917,0.104683921,0.211867423,-0.211068042
-0.182905906,0.174876356,0.139434521,0.843522055,0.519669132,-0.336350317,0.221438127,0.006574927,-0.23088215,-0.273510968,1.148648524,0.395278703,0.944068718,0.626822189,0.138623361,0.102216739,-0.074750679
-0.498016528,0.077971119,0.129823446,-0.240813033,0.590941248,-0.372905756,0.257149419,0.16656482,-0.748069141,-0.281461868,0.668123237,0.228353575,-0.769607225,0.725026889,0.155279657,0.517898144,0.428220505
-0.22215844,0.032070228,0.094779987,-0.221196241,0.602165204,-0.414597082,0.163934512,0.155606608,-1.156194154,0.409948416,0.331087505,-0.05979629,-1.243145562,0.257787338,0.224591337,0.650470157,1.044571806
-0.05342706,0.060728087,-0.025136658,-0.004735088,0.803074004,-0.260923255,0.038476339,0.201004914,-1.027926293,0.908628879,0.120428733,-0.457745796,-0.854689431,-0.565444251,0.452137823,-0.314703657,1.970055052
0.005724328,0.177654568,-0.094779987,-0.271929323,0.992758849,0.158281021,0.016121633,0.037571012,-0.345019969,0.060744878,-0.109721923,0.095555362,-0.384266477,-1.143931314,0.459839121,-1.553074936,0.721919324
0.38625584,0.266104377,-0.112819236,-0.194815038,0.801951609,0.535743619,0.059589117,-0.075455116,0.633794138,-0.855198829,-0.005216138,0.52006451,0.586981278,-0.543578361,-0.118743267,-1.141729999,-1.343209579
0.665112385,0.175238731,-0.212922281,-0.109583459,0.324372309,0.561825874,0.051598599,0.304325197,1.058518521,-0.357472475,0.061404012,0.227760064,1.023564718,-0.357142875,-0.644759819,0.618875892,-1.138328068
0.244237991,0.299080543,-0.20079754,0.109583459,-0.043212228,0.354275573,0.008353724,0.59737909,0.76041578,-0.184142849,0.195101869,-0.52006451,0.106889892,-0.074420749,-0.49888291,1.521480672,0.285301555
-0.316746144,-0.021651934,-0.034156283,0.439686717,-0.359166571,0.192067108,-0.087204443,0.16656482,0.274781311,-0.175873913,0.246988716,-0.350913714,-0.643702749,0.35982816,0.058744784,0.804105013,0.487352737
-0.385710666,-0.541630516,0.048351101,0.514095238,-0.365900944,0.109263501,-0.1192251,-0.507834845,-0.066123111,0.248386123,-0.304091702,0.732244895,-0.044689643,0.322234173,0.631775073,-0.418159387,-0.323989369
0.011448656,-0.20921143,0.024397345,0.033822055,-0.126830695,0.164348418,-0.042014663,-0.51221813,-0.131423113,0.392774472,-0.948422029,1.161353758,0.71739769,0.543961973,0.311186163,-0.389043103,-1.521295161
0.409153152,0.220626257,-0.072600583,0.064938346,0.151523397,0.298586434,-0.035312937,-0.072950382,-0.107827314,0.219444847,-0.727697026,0.032643136,0.000429708,0.489872665,-0.560582843,0.528429566,-1.007598262
-0.398794844,0.29485283,-0.222533356,0.789406767,0.395644426,0.234941703,-0.010626687,0.100815549,-0.176145384,0.032757709,-0.101211382,-0.76221723,-1.00938435,-0.393202413,-0.975020127,-0.232930266,0.700119322
-0.83248083,0.213922311,-0.17832241,0.6500599,0.167236934,-0.000956685,0.154280278,0.110208302,-0.081487818,0.049295581,0.134155412,-0.802130882,-0.043185665,-0.341031166,-0.399392888,-1.70299282,1.029483724
-0.458763994,0.039257341,0.128788407,0.416687719,-0.28901685,-0.214700262,0.192897213,0.060739803,0.048426262,0.117673323,0.211665395,-0.696930957,1.057511659,-0.306889689,0.311007063,-0.727287585,0.332638074
0.198988542,-0.067824606,0.141948187,0.873961905,-0.810369575,-0.291134361,0.125692499,-0.007514202,-0.188492023,-0.384505535,0.299516142,-0.5644295,0.169734703,-0.142703705,0.431183129,1.295364855,-0.113453739
0.724808948,0.028295484,-0.328550908,0.310486466,-0.909140382,-0.223159372,0.012536444,0.022542607,-0.482753587,-0.633209695,0.129488341,-0.18369183,-1.145601821,0.164185983,0.069043031,1.160314861,-0.236928779
0.454402601,-0.120006672,-0.52727837,0.387600752,-0.470844926,-0.183935286,-0.217313989,-0.103946466,-0.483713881,-0.117037251,0.10258405,0.893680042,-0.49620544,0.436550582,-0.239635733,-0.452851128,-0.337061948
0.033528206,-0.36793188,-0.045985298,1.030896241,-0.007295571,-0.182097443,-0.303217922,-0.369135192,-0.13526429,0.174601769,0.19519338,1.519983122,0.492338067,0.231701715,-0.318977011,-1.080399956,0.426553458
-0.384075144,-0.275526139,0.447580378,1.082982206,0.277792895,0.00438061,-0.169792664,-0.195369262,0.176968493,-0.007314828,0.08876586,-0.034275293,0.345377893,0.117768918,-0.574731739,-0.441080716,0.805032563
-0.043886514,-0.228779705,0.445953888,0.382865664,0.204837185,0.239070555,0.090590455,0.217285686,0.078332565,0.035938069,0.155752055,-1.599513672,0.340865958,-0.323001397,-0.688281107,0.027257797,-0.106571422
-0.27013376,-0.395351623,0.107052591,-0.301692732,0.022447911,0.136831136,0.364751946,0.16844337,-0.307842867,0.051521834,0.28020728,-0.805395196,0.085189633,-0.832054668,-0.051312136,-0.120801601,-1.264205983
-0.348911415,-0.172702103,-0.079106542,0.310486466,-0.095964818,-0.117118389,0.445781898,-0.187541968,-0.400579845,-0.373056239,0.121069311,0.204909868,-1.040323334,-0.282722126,0.420347582,-0.008672935,-1.31179286
-0.19544491,0.555400783,-0.051456218,0.390982957,-0.318199134,-0.138089932,0.281753655,-0.331877272,0.18615988,0.020672341,-0.092426307,0.373763909,-0.85758996,0.425425831,0.209099191,0.73596052,-0.787071784
-0.236060379,0.323842866,-0.09877228,0.100113283,-0.351871,-0.071977961,0.107274471,-0.094553713,0.714321661,0.588366617,-0.193363156,0.328360274,0.597831408,0.140402033,-0.092057374,1.436609804,0.234632707
0.042796166,-0.158448668,-0.109418394,0.669676692,0.012907549,-0.15593966,-0.099635441,0.385102872,0.453944762,0.2773274,-0.228686477,-0.434005333,1.287405497,0.393969638,-0.082117327,1.128101101,0.428512991
0.445952403,0.053088004,0.006949547,0.264488471,0.436050665,-0.233632556,-0.465465287,0.522550158,-0.097950003,0.024170737,-0.149163248,-0.227908442,0.381258521,0.018029769,-0.079162178,-0.107792197,0.472689943
-0.27285963,0.407913972,-0.033121244,-0.378807018,0.715527153,-0.252363441,-0.736533674,0.159050617,-0.388507575,0.003498396,0.026080691,0.637283045,-0.661213354,-0.164953208,-0.434496478,-0.898268312,1.042338644
-0.476754739,0.5492404,-0.124648252,0.240136592,0.723945119,-0.31157721,-0.546823295,-0.183471775,-0.424998753,-0.586140365,-0.181375189,-0.083536753,-0.737916252,-0.274282659,-0.542045998,-0.504888741,0.846707139
0.382167035,0.446325771,0.097737241,0.443068922,0.378808493,-0.293148435,-0.220313362,-0.217598778,-0.391800012,-0.354292115,-0.088399815,-1.024104208,-0.118277157,-0.202930807,0.011104197,0.28744586,0.062406546
0.947239975,0.022286091,0.425400973,0.725144862,-0.094842423,-0.193804247,-0.077725954,-0.008766569,-0.334868288,0.045161113,0.391301871,-0.888635193,0.612011776,0.229783654,0.566493141,0.446656174,-0.156187362
0.155102028,-0.204138174,0.511604924,0.480273183,-0.48992565,-0.178220351,0.143079493,0.255795973,-0.233488663,-0.102725631,0.513560828,0.150306804,0.565281019,0.2217278,0.390975191,-0.161068801,-0.32673111
-0.508102249,-0.218753984,0.208782125,-0.081849373,-0.647061025,-0.146876329,0.405102894,0.0532256,-0.189863872,0.710492445,0.149346271,0.41382594,0.245255904,0.105876943,-0.167637553,-0.908180238,-1.303371763
-0.335282063,-0.345223018,-0.082063796,0.413981955,-0.427071501,-0.04013042,0.476338016,-0.426430986,-0.147610929,0.386731787,-0.177897764,0.43771478,0.059084865,0.238223121,-0.512584056,-1.123145138,-1.640063952
-0.24151212,-0.226726244,-0.163092553,1.0796,-0.01010156,-0.081846922,0.375343484,-0.359742439,-0.239661982,-0.766466783,-0.106061475,1.110311763,-0.621680208,-0.35253953,-0.621745476,-0.482586907,-0.462173704
-0.234424857,-0.003382171,-0.220167553,0.752878948,0.313148354,-0.220138261,0.201520412,-0.088291878,-0.470406948,-0.616353786,0.031296829,0.463977667,-0.546373862,-0.515191065,-0.432526379,0.325854574,1.193473429
0.071417805,-0.07338103,-0.196657384,0.228637093,0.375441306,-0.263340143,-0.052688215,-0.251412688,-0.387547281,-0.27573722,-0.073025934,-0.177163203,0.709770371,-0.325686682,0.42831753,0.444797688,1.449317236
0.318654253,-0.132357636,-0.047020337,0.426157895,0.203714789,-0.159564993,-0.197161947,-0.373205385,0.105083617,-0.348567466,-0.188238529,0.371241485,0.627481268,-0.294997713,0.809173573,0.542677959,0.418911119
0.108489643,0.048195936,0.189412112,0.471479449,0.262640555,0.106242391,-0.140408176,-0.136821102,0.573569976,0.233756467,-0.225666608,0.607310711,-0.060696271,-0.112781961,0.144712759,0.83941625,-0.663012976
-0.256504408,-0.059097397,0.384147281,0.308457143,0.446713422,0.495260736,-0.230951765,0.226678439,0.572746867,0.249340231,-0.328342169,-0.538611747,-0.257932293,0.313411094,-0.728757696,0.362404802,-0.458387841
0.018808506,-0.26163508,0.298682644,0.182639098,0.396205623,0.82496461,-0.149968679,0.419229875,0.171481098,0.250612375,-0.383157375,-1.661832387,0.035236065,0.184517425,-0.450257274,-0.50364975,0.592497479
-0.132477303,-0.378319977,-0.125535428,-0.077790727,-0.039845041,0.914389485,0.117866008,0.365691183,-0.263532151,0.330439414,-0.048866978,-0.674525896,0.27791372,-0.170323777,0.326857408,-0.477011448,1.358280809
0.020989202,-0.22014309,-0.411058292,-0.104848371,-0.631347488,0.795357726,0.124474003,0.226678439,-0.468897914,0.199408578,0.242321645,-0.42510266,0.19046812,0.179530468,0.156354256,-0.070622474,1.00755774
0.286216395,0.334593338,-0.395384846,0.617590727,-0.774452918,0.491031181,0.035148909,0.104885742,-0.628443927,-0.348885502,0.163438995,-0.005489982,-0.018477449,0.126591997,-0.202472493,-0.452851128,-0.095163041
0.145834068,0.527135497,-0.142835363,0.289516792,-0.421459523,0.094963578,-0.044205611,-0.175331389,-0.531317034,-1.174825019,-0.123174069,1.795966001,0.277269158,-0.036443151,0.013880246,-1.265009581,-1.221385537
-0.450858969,0.212533205,0.213809457,-0.060203258,-0.122902311,-0.108055057,0.024721399,-0.362560265,-0.05116996,-0.318990117,-0.066071083,1.01698207,0.690433506,0.269295702,0.238382033,-1.510329755,-2.458903919
-0.357634201,-0.242821754,0.265857125,0.58850376,-0.099893202,-0.122959203,0.263382492,-0.22511298,0.150217442,0.218490738,0.236281906,-0.339340238,0.007412465,-0.245128139,-0.097609473,-0.861718084,-1.666861887
0.867917146,-0.375179389,-0.016117034,0.020969674,-0.230652282,-0.138820034,0.24519879,0.068254005,0.041155463,-0.14820478,0.201416141,0.009792941,-1.745044635,-0.419288037,-0.436735228,0.312845171,0.848989249
0.686646762,-0.03204003,-0.043767358,-0.522888973,-0.339524649,-0.230812852,0.119928078,0.340956933,0.18615988,0.293865273,0.112375748,-0.213664164,-1.447256914,-0.245128139,-0.775860983,1.095267845,1.338462005
-0.209892023,0.300771629,0.306815092,-0.185344862,-0.390032448,-0.330811614,0.206863046,0.43958084,0.54695611,0.81290004,0.173688249,-1.560341909,0.602343343,-0.595365996,-0.614939678,0.794812582,0.534679226
-0.46830454,0.46154554,0.224159846,0.125818045,-0.328861891,-0.340479168,0.118194065,0.278025488,0.758495192,0.330439414,0.108989834,-0.502259163,2.290773934,-0.137333136,0.055879184,0.012389908,1.176182678
-0.448678273,0.86003775,-0.199023187,0.173845363,-0.018519526,-0.231920593,-0.257992993,0.096432264,0.614999809,-0.546067828,-0.274625097,1.530072819,1.964625479,0.195642176,0.374497995,-0.508605713,1.006353293
-0.303116792,0.5758146,-0.267927203,-0.045997995,0.373757713,-0.082778431,-0.222797218,0.186915784,0.008505462,0.075374534,-0.315347579,1.191326092,-0.059836854,0.02723646,0.092684224,-0.971368768,-0.387349923
-0.152376157,-0.080839925,-0.140173835,-0.01217594,0.381614481,-0.079278978,0.013450316,0.2623709,-0.274781311,0.243933619,0.156575655,0.346313999,-1.921654668,-0.122755875,-0.231844885,-1.294125865,-0.251618936
-0.028894227,-0.344860643,0.012272604,-0.370013283,-0.168920528,-0.236049444,-0.182493136,0.159050617,0.059263867,-0.159654077,0.505141799,-0.472583585,-1.541792699,0.358677324,-0.258620328,-0.630026809,0.351586804
-0.1493777,-0.353799237,0.138843071,-0.620296491,-0.555024591,-0.254478219,-0.435096629,0.081716951,0.3610706,-0.374646419,0.419761853,-1.390597601,-0.235802325,0.126208384,-0.256471128,0.313464666,-0.797015891
0.163824813,-0.187680289,-0.041993005,-0.093348872,-0.249733006,-0.119258342,-0.276692212,0.030682993,0.210167233,-0.767738927,0.173322204,-1.797153024,0.843946728,-0.180297692,-0.050595736,0.21620389,-1.645401312
0.604052888,-0.049403854,-0.186602721,-0.609473434,0.319321529,-0.038468809,-0.109477136,-0.153414965,-0.203445174,-0.618262002,-0.052435915,-0.706872276,1.057941367,-0.266226805,0.277515372,-0.325854574,-0.44048564
0.278311371,-0.123630427,-0.046281024,-0.572269173,0.737975063,-0.13093997,-0.201895334,-0.4449034,-0.327460304,0.016537872,-0.354148326,0.968314121,0.539391105,-0.417753589,0.125011765,-0.359307325,0.832127798
0.215343764,-0.279995436,0.025284521,0.059526817,0.764912556,-0.358706536,-0.082635085,-0.383850505,0.077097902,0.3921384,-0.629414002,1.849975553,-0.359558261,0.174159898,-0.047371937,-0.214345404,0.725320021
0.159190833,-0.572674013,-0.032234067,0.068996992,0.378808493,-0.452965187,0.241730764,-0.056356518,0.247207151,0.1466146,-0.644055793,0.599446682,-0.543365905,0.380159602,0.093579724,-0.380989663,0.354005929
-0.368265095,-0.524719661,-0.072156995,0.241489474,0.085863258,-0.212283374,0.259773871,0.030682993,-0.072570801,0.392456436,-0.53277818,-0.201200421,-1.142164156,-0.001534448,0.407631486,-0.601530021,-0.229098191
-0.104400838,-0.08105131,-0.27487675,0.1102599,0.010662758,0.14569306,0.021675161,-0.072950382,-0.15721387,-0.270012572,-0.528751687,-0.449139878,-1.105638967,-0.015344484,0.045939137,-0.578608692,0.385065045
0.33092067,0.420597113,-0.430576168,-0.156934336,0.189684845,0.277841474,-0.106524627,-0.152788782,0.241994125,-0.514900299,-0.008968097,-0.33429539,0.570330089,0.156897353,-0.372438346,-0.374794709,2.067124946
0.214526003,0.413832771,-0.176252332,-0.512065915,0.482630079,0.269382365,0.001663715,-0.160616076,0.54668174,0.773145539,0.610562696,0.641882759,1.939702408,-0.184901037,-0.347901653,-0.133811004,1.226367822
-0.262501323,0.029292016,0.160726749,-0.776554386,0.723945119,0.242997999,0.089500839,-0.030996085,0.456825645,0.79858842,0.550622863,0.305213323,1.119819335,-0.538975016,-0.195666695,0.244700678,-1.076489241
-0.564527766,-0.173306062,0.304449289,-0.270576441,0.728995899,0.153975939,0.007662462,0.113339219,-0.0117979,-0.62239647,0.308209706,-0.436379379,-0.538531689,0.050253187,-0.047192837,0.790476114,-1.204799721
-0.133022477,-0.047018215,0.317904794,-0.148140602,0.487680859,0.042648012,0.098042024,0.18785506,-0.31044938,-0.914671563,-0.062502146,0.009792941,-2.035527317,0.327988355,-0.155727406,0.761979327,0.289110167
0.257594756,0.107474521,0.158804534,-0.236754386,0.017958329,0.095794383,0.255790328,0.172200471,0.029494749,-0.097319019,-0.619256259,0.041397432,-1.627304612,0.440386703,0.181070049,-0.046462154,0.556995191
0.013084178,0.267191503,-0.065798899,-0.433598747,-0.524158714,0.297277286,0.227296279,0.075142024,0.196723115,0.014629656,-0.456549354,0.403439487,-0.272005234,0.356375651,0.954244533,-0.582325664,-0.707548615
0.125662627,0.161800641,-0.053526296,-0.432922306,-0.803635202,0.410367528,0.163231534,0.165938636,-0.065437187,0.521261019,0.207913436,-0.021069661,1.159352481,-0.215973618,0.719981798,-0.07124197,-1.311908008
0.287579331,0.235030682,0.120803822,0.058850376,-0.824399519,0.385493717,0.089864044,0.464001998,-0.3093519,0.553700692,0.510815493,-1.664799945,1.45971845,0.091683294,0.044864537,0.485064888,-1.065158134
-0.021806963,0.262722206,0.095519301,0.090643108,-0.727312306,0.326481356,-0.016074768,0.347531861,-0.250362403,-0.519352803,0.190251775,-0.148081136,0.541324792,-0.148074275,-0.310022013,0.086729354,-0.075703003
0.198715954,-0.019175701,-0.080289443,-0.104848371,-0.432683478,0.223965002,-0.135440463,-0.163746994,0.150217442,-0.757879811,-0.113016326,1.357360953,-0.445929591,-0.364431505,-0.431899529,-0.24841765,1.07232062
0.212345307,-0.40839714,-0.03785285,-0.242165915,-0.042089833,0.150300254,-0.136096576,-0.16656482,0.466154216,-0.391820364,-0.228503455,0.130275789,-1.498392179,-0.112398348,-0.271067774,0.382848149,1.777492438
-0.270951521,-0.275042972,0.04169728,-0.1102599,0.202592394,0.171020038,0.004510777,0.009705845,0.562595186,0.011767332,-0.496356724,0.143629799,-1.339400179,0.407012449,0.207666392,0.93481854,1.163978127
-0.221068092,-0.102884432,-0.101433809,-0.472832331,0.106066378,0.117672259,0.022823358,-0.246716312,0.393034676,-0.148522816,-0.309216329,0.335334035,-0.348063569,0.570047597,0.303305765,0.799768545,-0.009365459
0.102765315,-0.062721152,-0.218245338,-0.725821303,-0.276670499,-0.097053179,-0.154327144,-0.369761376,-0.070513027,-0.297363669,0.488578272,0.183246696,0.620713365,0.477213466,0.169876302,0.23107178,-0.744325162
-0.10603636,0.212352018,-0.006210233,-0.313868672,-0.485997266,-0.279754845,-0.244542677,-0.101441732,-0.554089723,0.020672341,0.742155795,0.043029589,1.137867075,0.513273004,0.187159448,-0.272577971,-1.229346841
0.079595417,0.437387176,0.387252398,0.265841353,-0.262079357,-0.31268495,-0.075359261,0.135255643,-0.487829427,0.28209794,0.375653457,-0.22449575,0.809999787,0.026085624,0.272858774,-0.322137602,-2.008373868
0.032983032,0.231678709,0.436490675,0.087937343,-0.008979164,-0.325172208,0.111632935,0.207579841,-0.109061978,0.198136434,0.239118754,0.152977606,-0.431212088,-0.287709083,0.241964032,-0.344439435,-1.877282168
-0.313202513,-0.110252733,0.201832579,-0.033822055,0.106627576,-0.30885821,-0.026760036,0.073889657,0.020166177,0.488185275,0.171217447,0.384150362,-1.456710493,-0.193724116,0.255486078,-0.594715572,-0.47989576
-0.505648965,-0.326500286,0.078810816,0.364601754,0.025815097,-0.231215667,-0.16580912,-0.154667333,-0.076411977,-0.031167529,-0.115487129,-0.319457601,-0.869621788,-0.240908406,-0.077550278,-0.391521085,1.052221366
-0.459036581,-0.084191898,0.240720467,-0.355131579,-0.111117158,-0.062990157,0.046689468,-0.244524669,-0.183278997,-0.73402711,-0.463412693,-0.833883751,0.298110001,-0.040662884,-0.354528351,0.526571079,2.154304897
-0.171729837,0.364187334,0.294690351,-0.486361153,0.075200501,0.147304319,0.124286543,-0.231061723,-0.331575851,-0.044525041,-0.346278363,-1.016388558,0.747799538,0.212137497,-0.208920092,1.298462332,2.527922082
0.384075144,0.545737438,-0.106165415,0.118377193,-0.099893202,0.208154523,-0.096776663,-0.196934721,-0.344882784,0.161880329,-0.240491421,-0.261293467,0.300258542,0.299601058,0.131280263,1.014733445,0.598881207
0.217797048,0.253300444,-0.512196375,-0.145434837,-0.369268131,0.140255061,-0.097620237,0.047589948,-0.122094542,0.232166287,-0.474760082,0.70657552,-0.091957536,0.444606436,0.671266612,0.293021318,-2.031466184
-0.108217056,-0.449224774,-0.428949678,-0.713645364,-0.306413981,0.089726986,0.074351659,0.336260557,0.149119963,-0.119899576,-0.460392824,0.544101729,-0.186171039,0.174159898,1.019078715,0.298596777,-2.29347947
0.17145725,-0.815344777,0.095815026,-0.008117293,-0.029182284,0.116136528,0.122411934,0.244837761,0.513620184,-0.497726355,-0.013543657,0.029082067,-0.276194888,-0.008055854,0.445152925,0.501171768,-0.694623081
0.083956809,-1.040742311,0.383260105,0.947693985,0.440540247,0.170063353,0.146594384,-0.101754824,0.535021025,0.582960005,0.216423977,0.204316357,-0.449904391,-0.068666568,-0.328648408,0.034072246,0.651453578
-0.067874174,-0.850615988,0.107644042,0.391659399,0.723383921,0.09365443,0.230858035,-0.159989893,0.05034685,0.535890676,-0.002836847,0.468874138,0.076702898,-0.048718738,-0.778010182,-0.629407314,0.768148892
-0.127843323,-0.394385289,-0.210112889,-0.073055639,0.788482862,-0.153422068,0.032911095,0.228870081,-0.360384675,-0.527939776,0.004667071,0.711323613,0.950944047,-0.0126592,-0.835322166,-0.678347449,0.543272042
-0.186449538,-0.006824738,-0.129231995,0.896960902,0.498343617,-0.412482305,-0.328853193,0.488423155,-0.367243919,-0.646885243,0.088399815,0.27167992,0.754997149,0.437701418,-0.46351067,0.056993576,0.14103296
-0.074961437,0.468551465,0.224455571,0.690646366,-0.119535124,-0.562933614,-0.327353507,0.147466222,-0.097264079,-0.661196864,-0.169661756,-1.008672908,0.225059623,0.553935888,0.092057374,0.98313918,-0.38524499
0.294394007,0.634157049,0.203163343,-0.168433835,-0.441101445,-0.539469655,-0.103665849,-0.375083936,0.024693278,-0.160290149,-0.065522016,-1.15274784,-0.090453557,0.246662587,0.335096006,1.16712931,-0.286565021
-0.057243279,0.597073961,-0.182758291,0.304398496,-0.324933507,-0.365554386,-0.022050082,-0.405766929,-0.311821228,0.541615324,0.626760177,0.038133118,-0.224952196,0.291161592,0.21429309,0.443558697,0.467058092
-0.653118555,0.559386913,-0.349103823,0.759643359,0.07800649,-0.19156359,0.140173849,0.068880189,-0.72076935,0.649747567,0.729161205,0.817413805,-0.321851374,-0.420438873,0.205696292,-0.512942181,0.767185976
-0.181270384,0.550931486,-0.08945693,0.333485464,0.387787657,-0.019813451,0.364705081,0.29775027,-0.646277961,0.449702917,0.077235449,0.607162333,-0.422725353,-0.826684099,0.301693866,-1.100223808,0.139773065
0.528546277,0.631016462,0.192960817,-0.203608772,0.285088466,0.194559525,0.461341148,-0.04070193,-0.17463635,0.123079936,-0.70738154,-0.008754296,-0.107641882,-0.282338513,0.413810434,-1.176421741,-0.543185781
0.258412517,0.263930124,0.132041387,-0.55197594,0.083057269,0.267267587,0.293516823,-0.397313451,0.494551486,-0.428712541,-0.697040775,-0.856140435,0.474720034,-0.509053271,0.259157627,-0.768793776,-0.511561633
0.240694359,-0.137370496,-0.069347604,0.272605764,-0.029743482,0.100653336,0.091000526,-0.421421517,0.808430488,-0.775053755,-0.266663623,-1.081229697,-0.206797028,-0.395504086,-0.116952267,0.191424075,0.303855851
-0.227065007,-0.252696485,-0.149932773,0.602709023,0.156012979,-0.148714171,0.032711918,-0.315283409,0.177517232,-0.404541804,-0.061129479,-0.023592085,-0.997352523,0.275817108,-0.598731132,0.809680471,-0.00454011
-0.369355444,-0.179496643,-0.106904728,-0.112289223,0.511251166,-0.258304959,-0.117022435,-0.10989521,-0.401951693,-0.298953849,0.49608219,0.776609885,-0.655519722,0.69433792,-0.659356465,0.437363744,-0.338544517
0.034891142,0.108591845,-0.082507384,-0.192109273,0.629663894,-0.09871479,-0.312309774,0.128680716,0.03374748,0.248704159,0.940735089,0.504039698,0.092494671,0.519027186,-0.314141312,0.11956261,0.479234959
-0.123481931,0.123419041,-0.16294469,0.078467168,0.28901685,0.192192988,-0.37773361,-0.013149854,0.50195947,0.545431756,0.57642902,-0.214406053,0.525962727,0.411615795,0.259784477,0.212486918,0.399270494
0.642760248,-0.521216698,-0.245156348,-0.07373208,-0.281721279,0.367971275,-0.319433286,-0.413907315,0.156116391,0.264287924,-0.026995803,-0.385337385,0.286400455,-0.247813424,0.551627846,0.17593669,-0.296388924
0.33282878,-0.698297505,-0.242642682,-0.532359148,-0.610021972,0.459813038,-0.227155683,-0.479343494,-0.695252963,0.781732511,-0.225117541,0.03308827,0.374490618,-0.584241245,0.662222065,0.540199978,-0.202345914
-0.632947114,-0.37723285,-0.399525002,-0.321309524,-0.41977593,0.597676387,-0.160841408,0.009705845,-1.131500876,0.34824943,-0.082360076,-0.285330686,0.387274434,-0.179146856,0.388557341,1.27058504,0.365561034
-0.529364038,-0.065227582,-0.429688991,0.03652782,-0.054997381,0.644906416,-0.126254881,0.30839539,-0.544486782,-0.542569432,0.238752709,-0.025372619,-0.525318164,-0.657511158,-0.461271921,1.248283206,0.806594893
-0.166005509,0.125834877,0.098476555,-0.317250877,0.103260389,0.419229452,0.129441716,0.183158683,0.162152526,-0.501224751,0.245250004,0.446320698,-1.458859033,-0.65789477,-0.593268584,0.455948605,0.207678259
0.320289776,0.009572752,0.37143109,0.119053634,0.006734373,-0.0088871,0.491522345,0.160929168,0,-0.343160854,-0.009242631,-0.217521989,-0.763161603,-0.205232479,0.190025047,-0.10469472,-0.368438586
0.419511459,-0.165877365,0.010646114,0.616914286,-0.115045542,-0.31349058,0.499020779,0.30307283,-0.217986772,0.216582522,-0.17991101,-0.750792132,0.261477385,-0.42158971,0.640730071,-0.140005958,-0.791522459
0.263591671,-0.145191766,-0.320270597,-0.275311529,0.022447911,-0.409864009,0.188491883,0.104885742,0.157625425,0.762968387,-0.421866611,-0.199271509,0.437013148,-0.079791319,0.045043637,-0.15177637,-1.154104232
0.115031732,0.076793399,-0.160431024,-0.554005263,0.215499942,-0.443599744,0.002905643,-0.078272942,0.697447921,0.470375258,-0.536438627,0.579415667,0.160495979,0.420055261,-0.854664961,-0.498074292,-0.625972029
-0.230881226,0.300046878,0.252253758,-0.063585464,0.296312421,-0.338263687,-0.099541711,0.195682354,0.959745408,0.037528249,-0.073666512,0.309367904,0.27576518,0.432714461,-1.002243319,-0.904463266,0.115661624
-0.123209344,0.024279156,0.394793395,-0.187374186,0.46242696,-0.115104315,-0.210612263,0.390112341,0.395229634,-0.173011589,0.295215116,0.224792506,0.068538444,0.298833834,-0.696698805,-0.805963499,0.494920851
0.326831865,-0.442098057,0.199318913,-0.855697995,0.590941248,0.011958563,-0.079530265,0.066062363,-0.175047905,-0.081099182,0.098649069,-0.141255753,-0.746725268,0.565060639,-0.015044396,-0.117084628,1.511128379
-0.209619436,-0.448862399,0.035487047,-0.55806391,0.359727769,0.047179678,0.117256761,-0.306516839,-0.16956051,-0.48214259,-0.491964186,-0.371389863,-0.960827334,-0.280036841,0.705206053,0.327093565,2.082596188
-0.185086602,-0.11088689,0.159395985,0.401806015,-0.123463509,0.158079614,0.159388586,-0.298063361,-0.195076897,0.014629656,-0.877043297,0.05697711,0.301117958,-0.510971331,0.439063527,0.172839213,0.885701601
0.43423116,0.289296406,0.165014768,0.047350877,-0.417531138,0.288616769,0.091668355,-0.316848867,-0.339121019,0.771555359,-0.345454763,0.301503876,1.557691899,-0.13272979,-0.078535328,0.081153896,-0.950828784
0.178271926,0.384480359,0.032973381,0.01826391,-0.419214732,0.379149384,-0.107508797,-0.379467221,-0.341727532,-0.551156404,0.588966053,-0.345275354,1.2345514,-0.332975312,-0.210979741,0.28744586,-2.09253187
-0.109579991,0.314904272,0.06801684,0.223902005,-0.147595013,0.507043068,-0.33906981,0.09925009,0.051855884,0.046751293,1.228446287,-0.79382172,0.230968109,-0.247046199,0.092415574,0.530288052,-1.824212691
-0.2461461,0.418060485,0.034747733,-0.36189599,0.195858021,0.59586372,-0.280910081,0.665946187,0.427468081,0.647203279,1.066654493,-0.10416128,-0.375672315,0.023016727,0.511599007,0.822689875,-0.304358293
-0.492564787,0.348242814,-0.162648964,-0.119730075,0.433244676,0.506539549,-0.10061961,0.653735608,0.371085096,-0.706357977,0.702989003,0.585350783,-0.105278487,0.113932797,0.242590882,0.923667623,1.013796629
-0.593967167,0.227541589,-0.134850778,-0.370013283,0.50002721,0.302211767,-0.064416234,0.133064001,-0.040195169,0.058836662,0.185767727,0.596182369,-0.391893796,0.262390684,-0.32166351,0.452851128,1.005628298
-0.047157558,0.184147128,-0.049534003,-0.612179198,0.177338494,0.133885553,-0.102213028,-0.286792058,-0.204954208,0.696816897,-0.394138719,0.435785868,-0.489544964,0.301135507,-0.762607586,-0.249656641,0.605285397
0.580882989,0.122362112,0.011829016,0.30033985,-0.06285415,-0.086957634,-0.139939523,-0.505017019,-0.175047905,-0.699361185,-0.580638535,0.893828419,1.255607097,0.102424434,-0.46539122,-0.367360765,0.455687265
0.101947554,0.153013037,0.129675583,0.450509775,0.014591142,-0.472199592,-0.034422498,-0.555424793,-0.200975847,-0.210221802,-0.30235299,-0.224198994,1.563707812,0.196793013,0.196562195,-0.070002979,0.154019679
-0.169276554,0.062992934,0.090344107,0.129876692,0.002805989,-0.809456242,0.028435467,-0.16312081,-0.08409433,0.524123344,0.159046458,-1.39415867,-0.022344822,0.228249206,0.413810434,-0.198858019,0.015291096
0.111760688,-0.162797174,-0.08117662,-0.004058647,-0.14815621,-0.845910977,-0.034633392,0.29962882,0.232802738,0.140889952,0.215508865,-0.682389924,-1.088450643,-0.249731484,-0.003940199,-0.387804113,-0.070905678
0.522549362,-0.197434228,-0.031642617,-0.410599749,-0.345136627,-0.686497039,0.119974943,0.537891654,0.525555269,0.18891339,-0.067718285,0.40047193,-0.915707982,-0.198711073,-0.477838666,-0.283109392,-0.071821451
0.160281181,-0.00235544,0.3412671,-0.655471429,-0.395083228,-0.592137684,0.490022658,0.512531221,0.281366185,0.037846285,-0.326054389,0.894718687,-0.106352757,-0.042964556,-0.766547785,-0.522234612,-0.149797255
-0.381349273,-0.04164298,0.532305702,-0.503272181,-0.210449163,-0.593547536,0.547573138,0.056982701,-0.402500433,-0.106224027,-0.088216792,1.081971586,1.292132287,-0.357910099,-0.687206508,-0.958359364,-0.838748644
-0.791047599,-0.17333626,0.319974872,0.038557143,0.213255151,-0.475522813,0.37225038,-0.320292877,-0.823795194,0.461788286,0.329989371,0.037539607,1.394402817,-0.030305357,-0.579477888,-0.437983239,-0.860969922
-0.37617012,-0.443789142,-0.013603368,0.625031579,0.422581918,-0.179856786,0.262163997,-0.154354241,-0.762061999,0.59536341,0.62849889,-0.897834623,0.301010531,0.224029473,-0.379781444,0.803485518,-0.778991319
0.280764654,-0.568446299,-0.138399482,0.45389198,0.328861891,-0.02963206,0.020175474,0.122418881,-0.214694334,-0.164106581,0.352775658,-0.234437069,-0.96168675,-0.021098666,-0.100027322,0.988095143,-0.730217248
-0.071417805,-0.24641531,0.064320272,0.152875689,-0.016274735,-0.255384552,-0.208925116,0.200691822,0.418688248,0.145978528,-0.3261459,-0.036352583,-1.111225172,-0.082476604,0.353543301,-0.060710548,0.092775613
-0.171184663,-0.067190449,0.261864833,0.411952632,-0.412480359,-0.567364577,-0.29384488,0.132437817,0.573569976,-0.024488773,-0.458745622,-0.34201104,-0.16984213,0.164185983,0.521449504,-0.625690341,0.128195974
0.494745483,0.088902779,-0.017299935,0.217814035,-0.52528111,-0.578844797,-0.338132505,0.001252367,0.468897914,-0.459243998,-0.113199349,-0.026411265,0.843731874,0.156130129,0.198442744,-0.393379571,0.091423359
0.46094469,0.4562307,-0.444770986,-0.148817043,-0.372074119,-0.321848986,-0.260898636,-0.15247569,0.515815142,0.660242756,-0.072842912,0.328953786,0.764128447,0.131578954,-0.089191775,-0.286826364,1.331115763
0.054244822,0.38121898,-0.369508875,-0.072379198,-0.180144483,0.023589839,-0.013180841,-0.31371795,0.586876909,0.273192932,-0.223287317,0.412045405,0.129234714,-0.082860216,0.029641042,-0.236647238,0.942978616
-0.238513663,-0.230893562,-0.049829728,-0.004058647,-0.108872367,0.413690749,0.040421245,-0.245150853,0.684964097,-0.435391297,-0.15922948,0.319160845,0.140084844,0.107795003,0.267843975,-0.410725442,-0.792071321
-0.228155355,-0.304757759,0.177878822,0.006764411,-0.175654901,0.75286077,-0.164590625,-0.138386561,0.566299177,-0.100499379,-0.236373418,0.365157991,-0.028468162,0.287325471,0.344856953,-0.89455134,-1.393661129
-0.083684222,0.231044552,0.133520014,0.419393484,-0.267130137,0.882969934,-0.238309604,-0.21446786,0.313604632,0.227713783,-0.344082095,-0.440237205,-0.699242522,-0.047951514,0.14462321,-0.622592864,-1.375781796
-0.129478846,0.567238381,-0.27709469,0.475538095,-0.418092336,0.845105347,-0.180477932,-0.359742439,0.200427107,0.178100165,-0.154287875,-0.133243347,-0.671204068,-0.307273301,-0.149458908,0.412583928,-0.521494507
0.200624064,0.474470264,-0.47626574,-0.363925313,-0.665019354,0.731209477,-0.034317052,-0.482787504,0.045819749,-0.165060689,0.341153736,0.447804477,0.108823579,0.106644167,-0.532643251,0.97508574,0.714381302
0.097313574,0.078303297,-0.276355377,0.033145614,-0.916997151,0.582570834,0.092113574,-0.372892294,-0.475345603,0.246477907,0.411434334,-0.033236648,0.563239905,-0.134264239,-0.520285354,0.956500878,0.662614971
-0.319744602,-0.591879912,-0.050273316,0.844198496,-1.158312191,0.501403661,0.084708871,0.002191642,-1.034099612,0.979232873,-0.056736941,0.182504807,1.052355161,-0.098971925,0.109250969,0.818972902,0.17070941
-0.276948436,-0.654208491,0.126570467,-0.126494486,-1.007911189,0.5133874,0.077761103,0.088291878,-0.846842254,0.905766555,-0.196657559,0.236959493,0.770681495,-0.229400042,0.57195569,0.604627498,0.204475121
0.139291979,-0.126318045,0.181131801,-0.460656391,-0.413602754,0.558804763,0.069922896,-0.080464584,0.037863026,0.010813224,0.027361847,0.034126915,-0.47923197,-0.23630506,0.516524255,0.579847683,-0.222722889
0.360360071,0.491864286,0.113854275,-0.52762406,0.090914038,0.573608205,0.059179047,0.09048352,0.812271664,-0.823077192,0.184578081,-0.421986724,-0.825469279,-0.04181372,0.021671094,0.446036679,-0.196436101
0.187267299,0.620869949,-0.086351814,-0.963252131,0.358044175,0.419128748,0.066232261,0.337199832,0.987182384,-0.292911165,0.183479947,-0.471099806,-0.207334163,0.163035147,-0.618432127,-0.044603668,0.658322375
-0.396341561,0.235846026,-0.247374289,-0.253665414,0.379930888,0.108860686,0.111960992,0.427057169,0.603064725,0.091912407,0.143398043,-0.366345015,0.283285071,0.318781664,-0.542583298,-0.173458709,1.014870681
-0.361177832,-0.302704298,0.001774352,0.047350877,0.034794262,-0.24440785,0.151515231,0.545718949,0.239661982,-0.131030836,-0.104597296,0.004006203,0.113013233,0.321083337,0.091609624,-0.163546782,0.744211217
0.356543852,-0.63222438,0.343780766,0.206314536,-0.424826709,-0.599992572,-0.027732489,0.442711757,0.144592862,0.0159018,-0.528568665,0.573777307,-0.272112661,0.448058945,0.306887764,-0.462763054,0.394742786
0.54571926,-0.601784841,0.287740804,0.62570802,-0.732924283,-0.918417632,-0.182118214,0.109582118,0.261200008,0.229303963,-0.446391611,0.220786303,-0.242462801,0.057925429,0.203636643,-0.56002383,-0.294050484
0.226247246,-0.433763421,0.174625843,0.418040602,-0.722261526,-1.056583092,-0.306967139,-0.122731972,0.451612619,-0.348567466,0.016929571,-0.446617454,0.430245245,-0.151526784,0.226382337,-0.168502745,-1.152687543
-0.265227193,-0.147698196,0.21233083,-0.063585464,-0.302485596,-0.939766814,-0.376046462,0.051660141,0.449280476,-0.160926221,0.574232751,-0.271531542,0.618564824,-0.37977599,0.354797001,-0.001858486,-1.289156725
-0.302299031,0.358993286,0.006210233,-0.749496742,0.133003871,-0.639065602,-0.072629362,0.313091766,0.210715973,0.460834178,0.70198238,0.529560695,-0.167908444,-0.402409104,0.507121508,-0.275675447,-0.257020049
-0.200351477,0.451278235,-0.449650455,-1.296061153,0.377686097,-0.304527952,0.13478435,0.022855699,-0.239799167,0.133257088,0.353507748,0.289782022,-0.448078132,0.454580351,0.359722249,-0.240983706,0.144364045
0.493382548,0.274439012,-0.461923059,-0.547240852,0.369268131,0.079858024,0.013122259,-0.446468859,-0.500999175,0.176509985,-0.260623884,-0.530450963,0.233976066,0.006137794,0.166742053,-0.325235078,0.55134689
0.243965404,-0.103246807,0.019961464,0.246901003,0.04770181,0.388917642,0.125176982,-0.539144021,-0.366283625,0.174601769,-0.91328173,-0.638173312,0.376639158,-0.398572983,0.162085455,-0.859240102,1.127915341
-0.363631116,-0.306207261,0.220463278,0.088613784,-0.134687464,0.455986298,0.254337506,-0.46087108,-0.087798322,-0.082689362,-0.685784898,-0.573332173,0.052854098,0.099739149,0.126534115,-0.929243081,1.298824797
-0.392252755,-0.128462099,-0.140025972,-0.342955639,0.037039053,0.463740482,0.25625898,-0.227930806,0.058715128,0.170149265,-0.230516701,0.355216673,-0.22914185,0.149225111,-0.057222434,-0.416920396,0.941871264
-0.040615469,0.055503841,-0.469611919,-0.385571429,0.342891835,0.483478405,0.388418878,0.10989521,-0.171206728,0.493591887,-0.110820058,1.094732085,0.04554906,-0.013042812,0.023014344,-0.08858784,0.264415439
0.226247246,0.183784752,-0.415494173,-0.274635088,0.402378799,0.338465094,0.294454128,0.247655587,-0.322247279,-0.150749068,0.280024258,0.456410395,0.329048985,0.149992335,0.081221827,-0.160449305,-0.655366626
0.749614369,0.350175483,-0.209965027,-0.652765664,0.193052032,0.032602819,-0.046595737,-0.003444009,-0.204131099,0.049295581,0.721199731,-0.453294459,0.465266456,0.218658903,0.096803523,-0.346917417,-0.957877726
0.453857427,0.342565598,0.033121244,-1.101922557,-0.017397131,-0.287911843,-0.190413357,-0.378527945,-0.067906515,0.176191949,0.369705229,-0.894273553,0.271575525,-0.393202413,0.333752757,-0.687020385,-0.749875165
-0.047157558,0.130998728,0.144166128,-0.449833333,-0.03760025,-0.513689511,-0.075523289,-0.323110703,0.006447689,-0.445886485,-0.382059241,-0.730019227,-0.454846034,-0.321466949,0.53479245,-1.050664177,-0.586003016
-0.034618554,-0.19326691,-0.031199029,0.474185213,0.007295571,-0.618219939,-0.136002846,0.022542607,-0.016325001,-0.118945468,-0.607908871,0.476589788,-1.183845843,-0.309191361,-0.332857257,-0.794812582,-0.085810886
-0.305570075,-0.550206735,-0.059145078,0.480273183,-0.319882727,-0.597877794,-0.366345363,0.119601055,0.314016186,-0.241071295,-0.324041143,0.715478194,-0.52692957,0.06367961,-0.985407924,-0.198238524,0.75819676
-0.384620318,-0.356577449,0.293951038,-0.056821053,-0.750882612,-0.374819126,-0.213705367,-0.052912508,0.781953806,-0.41440092,0.226307186,0.077008126,1.018837929,0.249731484,-0.255396528,-0.141864444,1.143448771
0.422782504,-0.040465259,0.47951872,0.305074937,-0.760984172,0.024470996,0.127004725,-0.266754185,0.752459057,0.054066122,0.747737977,-0.014541033,0.824180155,0.137333136,0.3567671,-0.57613071,-0.217148491
0.295211768,0.016035114,0.085760363,0.324691729,-0.343453033,0.382371902,-0.000468652,-0.148092405,0.246246856,0.360970871,0.808592922,-0.120186092,-0.234942909,0.324535846,0.266232075,-1.024025876,-0.684619192
-0.133567651,0.167055085,-0.409136077,-0.185344862,0.393960832,0.551251987,-0.254759293,0.170635013,-0.396464298,0.161244257,0.363299446,-0.163364059,-0.976726534,-0.068282956,0.251993629,-0.82330937,0.617441802
-0.045249449,0.578834396,-0.616587438,-0.641942607,0.912507569,0.597474979,-0.09935425,0.387294515,-0.61445107,-0.256337024,-0.227039276,0.12597283,-0.889495788,-0.341414779,0.472913418,0.170980727,2.059911105
-0.125117453,0.590068035,-0.348068784,-0.566181203,0.759300578,0.523155658,0.190319626,0.336260557,-0.193293493,0.022262521,-0.554100288,0.412638917,-0.157058314,-0.245895363,0.480883365,0.442939202,1.879179512
-0.210437197,0.115929948,0.042288731,0.336867669,0.287894454,0.241688851,0.175229028,0.014089129,0.085466179,-0.07569257,-0.594914281,-0.545733886,0.660568792,-0.060994326,-0.018895045,-0.573652729,-0.454547815
0.035163729,-0.109195804,0.066094625,0.966634336,-0.16330855,-0.075779525,0.125645634,-0.131811634,-0.158860089,-0.039754501,-0.466432563,-0.94724446,0.429922964,0.212137497,-0.216263189,-1.028362343,-2.242280859
-0.02671353,-0.156817979,-0.10039877,0.233372181,-0.478701695,-0.060573268,0.236950512,-0.111460669,-0.181495594,0.34029853,-0.341702804,0.513090749,-0.059514573,-0.103958882,-0.056774684,-0.320279115,-0.572222494
-0.180452623,-0.513002855,0.01315978,-0.633148872,-0.506761583,0.296673064,0.22434377,-0.185350326,0.042801682,-0.149158888,-0.275448698,0.087097822,-0.124185644,0.249731484,-0.172383702,0.074958942,-0.02879574
-0.018263332,-0.315145855,0.382372929,0.255018296,-0.332790276,0.565149096,0.026221086,-0.231687907,0.116469962,-0.531756208,-0.198487783,-0.372428508,-0.020088854,0.188353546,0.004746149,-0.26452453,-0.89329138
0.355180917,0.363100207,0.43235052,0.842169173,-0.043773426,0.453267299,-0.238918851,-0.134942551,-0.038274581,-0.362561051,-0.129122297,0.948283106,-0.429600683,-0.079791319,0.489390613,-0.480108925,-0.197881598
0.334191715,0.368656631,0.069347604,-0.000676441,0.323811111,0.126685239,-0.279082338,0.110208302,-0.399207996,0.089050083,0.1209778,0.707614165,-1.133999702,0.197943849,0.281097371,0.060710548,1.268601691
0.214253416,-0.502493966,-0.144018265,0.006764411,0.665580551,-0.155914485,-0.023666932,0.121479605,-0.514306109,0.528893884,0.440717917,-0.063505738,-0.489007829,0.141169257,-0.35721485,0.315323152,1.823707161
-0.195990084,-0.73646772,-0.113854275,0.18399198,0.951230215,-0.290228028,0.129160525,-0.114904678,-0.196585931,0.512356011,0.779675385,0.302987655,1.198885627,-0.366349566,-0.42751158,-0.464621541,0.892361766
-0.476754739,-0.230591582,-0.165458356,-0.249606767,1.063469768,-0.247932479,0.089793746,-0.263936359,-0.019891807,-0.226123603,0.647350196,0.073447056,0.943209301,-0.293079653,-0.008149048,-0.801627031,-0.541202977
0.195172323,0.229051486,-0.083838148,-0.11634787,0.85694899,-0.095265689,-0.02202665,-0.10989521,-0.286442026,-0.25824524,0.176159051,-1.743736983,-0.574949451,-0.199478298,0.1790104,-0.246559164,-0.732647004
0.073871089,0.35331607,0.105278239,-0.073055639,0.620123532,-0.00382674,0.00031634,0.108642843,-0.518421655,-0.391502328,-0.177897764,-1.390004089,-1.288694622,-0.294997713,-0.112922518,0.400813516,-0.259849896
-0.274222565,0.182003073,0.282417747,-0.510036592,0.458498575,-0.107450835,0.127192186,0.202883465,-0.254203579,-0.541297288,-0.404021928,0.362635567,-0.560231948,-0.274282659,0.018268195,0.852425653,-0.486068449
0.109307404,0.150114033,0.460444432,-0.874638346,0.328861891,-0.333832725,0.019566226,0.364438816,0.187531729,-0.165378725,-0.457281443,0.685209104,0.207011882,-0.048718738,0.240173033,0.672771991,-0.787946031
0.384620318,0.267070711,0.637879666,-0.526271178,0.277792895,-0.52486762,-0.279972777,0.442085574,0.146925005,0.043252897,-0.321387318,0.120037714,0.066604757,-0.163035147,0.169876302,-0.12761605,-0.308366107
0.23878625,0.011263837,0.616439575,0.192785714,0.308658772,-0.629901567,-0.317277486,0.180027766,-0.269156731,-0.100499379,-0.130311942,-0.041100676,0.381043667,0.244360915,0.045133187,-0.47143599,-0.014761569
-0.522821949,-0.274439012,0.208929988,0.327397494,0.386104064,-0.511675437,-0.094515417,0.028491351,-0.354348541,-0.039436465,-0.025623135,0.146300601,0.534234608,0.491407114,0.101281022,-0.173458709,-0.606371084
-0.558258264,-0.124657157,-0.221794042,0.013528822,0.595992028,-0.189197053,0.011751452,0.105825017,-0.180672485,-0.090640263,-0.02296931,0.630309284,-0.224629914,0.432330849,0.32237991,-0.182751139,-1.132114054
0.203077347,0.379407103,-0.2370239,-0.089966667,1.092090854,0.125124332,-0.023702081,0.20037873,-0.162975635,-0.484368842,0.147150002,0.484008683,-0.764558155,0.036826763,0.289515069,-0.382848149,-0.616056809
0.070327457,0.579438355,-0.138547345,-0.059526817,1.566302967,0.333228503,0.017457292,0.367256642,-0.554912833,-0.180008381,0.384347021,-0.4926146,0.214102066,-0.303820792,-0.021581544,-0.296738291,0.591404571
-0.190538343,0.218693588,-0.065059586,0.087937343,1.546099847,0.410065416,0.090684185,0.314344133,-0.917080911,0.027987169,0.333192262,-0.911337011,0.356765158,-0.612628541,-0.163697354,0.092304813,0.984803247
-0.611685325,-0.507688015,0.202719755,0.788053885,1.213309572,0.323963763,0.102634815,-0.104259558,-0.68139729,0.104315811,-0.098191513,0.026114509,-0.373631202,-0.487954605,-0.310648863,0.672771991,0.567939928
-0.213980829,-0.886370367,0.32588938,0.98760401,0.666141749,0.176558741,0.062975129,-0.421108426,-0.322796019,0.367331591,-0.413722114,0.838335088,-0.199599417,-0.223645861,-0.051491236,0.994909592,-0.309220012
0.496108419,-0.867406051,0.04169728,0.393688722,0.194735625,-0.013091479,0.051141663,-0.43613683,-0.061184456,0.094774731,-0.509259802,0.453887971,0.36718558,-0.090532458,0.293813468,0.812158453,-1.129109356
0.041433231,-0.209936181,-0.157621633,-0.223225564,-0.02020312,-0.345212242,-0.004030408,-0.364438816,0.018108404,-0.82085094,-0.171675003,-0.798718191,0.343551634,0.088614398,0.28655992,0.433646771,-1.140645083
-0.431232702,0.42035553,0.056335687,-0.229989975,-0.106066378,-0.642489528,-0.053098285,-0.229496265,0.201661771,-0.909901023,0.624929953,-1.299790331,0.041144552,0.280804065,-0.016566745,0.125138068,-0.41873298
-0.167913619,0.32939929,0.23480596,0.077114286,-0.076322896,-0.683274521,0.050321522,-0.099876273,0.54668174,-0.570556601,1.259194048,0.208025804,-0.353005212,0.306889689,-0.183398349,0.034072246,-0.325634831
0.009813134,0.181640698,0.129527721,-0.108230576,0.07295571,-0.562127985,0.169324011,-0.208206025,0.411829005,-0.431892901,0.808226878,0.673932384,-0.323247926,0.171091001,0.118026867,0.284967878,-0.766242319
0.392525342,0.201208972,-0.166493394,-0.328750376,0.213255151,-0.438463856,0.259024027,-0.323110703,-0.049935296,-0.027033061,-0.115029573,0.019585882,0.492875202,0.010741139,0.194323446,0.502410759,-0.478920808
0.439137727,0.202235703,-0.277834004,-0.505977945,0.244682226,-0.246220517,0.123021182,-0.170635013,-0.252282991,0.174919805,-0.950984342,-0.505820233,0.265881893,-0.163035147,-0.599537082,0.359307325,0.227097654
0.102765315,0.274197429,-0.086795402,-0.741379449,0.139738244,0.038368105,-0.169792664,-0.019724781,-0.101105255,0.603950382,-0.944395536,0.542914706,-0.330552964,-0.462252593,-1.049167506,0.268860998,0.867614841
-0.001635522,0.277700392,0.002809391,-0.068320551,-0.046579415,0.267972513,-0.15915426,0.257361432,-0.016050631,0.682823312,-0.645245439,1.378727369,0.370945526,-0.369034851,-0.379602344,0.481347916,1.259226507
-0.653936317,0.066103323,-0.161466063,0.960546366,-0.214377547,0.384788791,-0.024850279,0.776154489,-0.260239714,-0.539071036,-0.370345808,0.337856459,0.82181676,-0.017646157,0.544374298,0.776847216,0.50216719
-0.758609741,0.012320766,-0.472569173,0.854345113,-0.203153592,0.451253225,-0.091094256,0.810281491,-0.689491198,-0.610311102,0.042644217,-0.786402826,0.260617969,0.57618539,0.509987107,1.066151562,-0.187683602
-0.51627986,0.243214327,-0.457782904,0.156934336,-0.246927017,0.505431809,-0.045881043,0.340643842,-0.82310927,-0.418535388,0.464236294,-0.615026361,-0.339254553,0.514807453,0.011820597,1.043230233,-0.644545864
-0.314838035,0.225639118,0.006653821,0.083202256,-0.552218603,0.510164882,0.064041312,-0.163746994,-0.339121019,-0.148840852,0.69127557,-0.29274958,-0.416602013,0,-0.472555218,0.58418415,-0.262729696
0.435594095,-0.245146996,0.283600649,0.218490476,-0.987146872,0.421344229,0.095839359,-0.354106788,0.180398115,0.166968905,0.690634992,-0.173602133,-0.012461535,0.080558543,-0.457779472,-0.092304813,0.977501139
0.52636558,-0.315870606,0.135590091,0.385571429,-1.143721049,0.282977363,0.205410225,-0.045398306,0.526789933,-0.28368812,0.255865302,0.615471495,0.224737342,0.481049587,-0.116683617,-0.497454796,1.547109317
0.06269502,-0.128945267,-0.074522798,-0.00608797,-0.561758965,0.219534039,0.097479641,0.18441105,0.55258069,-0.41758128,-0.110911569,1.204234969,0.328082142,0.56889676,-0.079072628,-0.457807091,0.442116979
0.102765315,-0.111400255,-0.157178045,-0.409923308,0.505639188,0.207651004,-0.092406482,-0.032248452,0.369987617,-0.082371326,-0.021871176,0.638915202,0.20454106,0.160349862,0.047551037,-0.118323619,-1.247247839
0.269861173,-0.055594435,-0.082063796,-0.720409775,1.058980186,0.165707918,-0.077058125,-0.357237705,0.265452739,-0.165378725,0.057194497,-0.186065876,-0.156521179,-0.229400042,0.310380213,0.345058931,-1.414636635
-0.473483694,0.003231181,0.188968524,-0.510036592,0.649305816,0.149821911,-0.108446101,-0.370700651,0.133069332,0.009223044,0.083366699,-0.589505364,-0.373416348,-0.174927122,0.35811035,0.40824746,-0.455990182
-0.494200309,-0.211627267,0.412093331,-0.133935338,-0.3266171,0.163945604,-0.118381526,-0.327493988,0.073531095,0.28368812,0.073849535,-0.36946095,-0.55292691,-0.714669362,0.062953632,0.123279582,-0.46197109
0.035708903,-0.201208972,0.334909004,-0.266517795,-1.03540988,0.17668462,-0.068306047,-0.359429348,0.177791602,0.488503311,-0.002745336,0.206393647,-0.569363246,-0.436934194,-0.055789634,0.185229121,0.329042187
0.163007052,0.156304614,-0.022918718,-0.157610777,-1.180198904,0.120643018,0.046408276,0.005635652,0.229098747,0.046433257,-0.149071737,0.637134667,0.078314303,0.628740249,-0.091520074,0.380370168,1.786156671
0.255686647,0.177412984,-0.355609781,-0.366631078,-1.119028347,0.028247384,0.184180284,0.511905038,-0.018794328,-0.697452969,-0.491140586,-0.007567272,0.228282433,1.040739656,-0.067072931,-0.028496788,1.204216355
0.107671882,0.017484616,-0.387400261,-0.28816391,-0.85694899,0.013242535,0.104321962,0.66657237,-0.220730469,-0.722577813,-0.614863722,-0.597072636,0.061985395,0.751112513,-0.21465129,-0.185848616,0.026500924
-0.252415602,-0.023041039,-0.353539704,0.587150877,-0.561758965,-0.026132607,-0.020222339,0.298689545,-0.201113032,-0.61285539,-0.20132463,0.054454686,0.067893881,0.204848867,-0.217516889,0.38408714,-0.235421255
-0.291395549,0.175389721,-0.378528499,0.491096241,-0.593186039,-0.175350296,-0.068036572,-0.217911869,-0.080527524,0.01272144,0.264375843,0.700492027,0.005908487,0.340263942,-0.347453903,0.512322685,0.410451507
-0.495563245,0.135347233,-0.167380571,-0.359866667,-0.945618237,-0.299492767,-0.17119862,-0.305577564,0.166679627,0.365741411,0.368607095,0.054009553,-0.018155168,0.059843489,-0.640998721,-0.047701145,0.848947924
0.125117453,-0.204560945,0.036078498,-0.053438847,-1.100508821,-0.192772034,-0.16463749,0.137447285,0.588523128,-0.090958299,0.16380504,-1.001550769,0.434649753,-0.407779674,-0.396795939,-0.157971324,-0.988882798
0.34482261,-0.057225124,0.086203951,-0.148817043,-0.540433449,0.068856146,-0.041838918,0.613972954,0.759455486,0.021626449,0.167556999,-0.526148004,0.046730757,-0.183366589,-0.116952267,0.168502745,-2.629469533
0.361723006,0.529913709,0.205085558,-0.597297494,0.352432198,0.160219567,0.045728731,0.529438177,0.447497073,0.277009364,-0.108440767,0.730909494,-0.658742533,-0.275433495,-0.180980499,0.092924308,-1.449683144
0.347275893,0.438595094,0.411058292,-0.295604762,0.908579184,0.099470068,0.142751436,0.109582118,0.064614078,-0.089050083,-0.455725753,0.77275206,-0.322281082,0.035292314,-0.216084089,-0.145581416,0.190393847
0.204167695,-0.08150428,0.325150066,0.16572807,0.858632583,0.105738872,0.185961162,-0.192238344,-0.15721387,-0.41122056,-0.133057278,0.449881768,0.039210865,0.036443151,0.073251879,0.029116283,1.180744089
-0.059696562,-0.385446694,-0.103651749,0.133935338,0.387787657,0.038921975,-0.033555492,-0.494058807,-0.197546225,-0.538116928,0.236007373,0.258177532,-0.015147211,0.230550879,0.257545728,0.337624986,1.713562079
-0.154011679,-0.280961771,-0.393462631,-0.064938346,-0.121779915,-0.229201593,-0.238356469,-0.824996804,-0.124975424,-0.243297547,0.285331907,-0.595292101,-0.329048985,0.363664281,0.10674357,0.021682339,1.476790416
0.316473557,-0.204289164,-0.226969237,-0.099436842,-0.667264145,-0.488714997,-0.108211775,-0.759247533,-0.082585297,0.466558826,0.138090394,-0.94308988,-0.245363331,0.010357527,0.014148896,-0.604008003,-0.053524213
0.221613266,-0.277217224,0.127457643,-0.203608772,-1.094335645,-0.673707671,-0.021147927,-0.348158044,-0.119625214,0.454473458,-0.167556999,-0.093032938,0.169412422,0.21443917,-0.058028384,-0.598432544,-0.662633026
-0.282672764,-0.204379757,0.261864833,-0.087937343,-1.303101214,-0.665147858,-0.117116165,0.177836123,-0.127444752,0.358426583,-0.383340397,-0.170782953,0.251701525,0.100889985,-0.513748206,0.074339447,0.108000709
-0.497471354,0.336888383,0.296021115,-0.008117293,-1.169536146,-0.3741142,-0.025014307,0.574836483,-0.082722482,0.299271885,-0.000915112,-0.617252029,-0.103881936,0.067899344,-0.684161808,0.682064422,0.386726034
-0.287579331,0.606133347,0.131449936,-0.44780401,-0.590380051,-0.06389649,0.131644381,0.598631457,0.123603575,-0.276373292,0.30848424,-0.017805347,-0.0953952,0.225180309,-0.115071718,0.779944693,-0.341880016
0.079868004,0.276613265,0.022179404,-0.14746416,-0.124024706,0.124243175,0.043362038,0.363186449,0.456825645,-0.184142849,0.168197577,0.683131813,0.085189633,-0.459567309,0.467809069,0.019204357,-0.996412396
-0.068691935,0.118224993,0.32041846,0.184668421,-0.134126266,0.21409604,-0.099963497,0.144022212,0.698133845,0.211811982,0.338682934,-0.106683704,0.267171017,-0.743440271,0.557627694,-1.045708214,-0.839187974
0.355180917,-0.025366282,0.436047087,-0.255018296,-0.221673118,0.115935121,-0.190788279,-0.118661779,0.520616613,0.181598561,0.474760082,-0.648263009,0.142340811,-0.175310735,0.507121508,-1.136774036,0.018360321
0.36417629,-0.197706009,-0.046576749,-0.365278196,-0.184634065,-0.109464909,-0.125364442,-0.489988614,0.023595799,-0.396272868,0.006405784,-0.454333104,0.093031806,0.520945246,0.532732801,-0.559404335,0.625062876
-0.122118995,-0.248589563,-0.568827787,-0.231342857,-0.199225207,-0.128095091,0.065798758,-0.795253086,-0.192196014,-0.310403145,-0.334473419,-0.120779604,0.205507904,0.107795003,0.554672545,-0.198858019,0.143560813
-0.260048039,-0.150385814,-0.579178176,0.043292231,-0.136932255,0.150350606,0.242761799,-0.551667692,-0.026613866,-0.32280655,-0.124729759,0.399284907,0.603095332,0.101273597,0.754727189,-0.052657108,0.119398418
-0.191628691,0.004257912,-0.320566323,0.489066917,0.083618467,0.353671351,0.259398949,0.061365986,0.255301058,-0.196546254,0.043284795,1.289107123,0.184022498,-0.055240144,0.331693107,-0.161068801,0.582036608
0.187267299,0.044270202,-0.048055376,0.365278196,0.482068882,0.263138736,0.1589668,0.232314091,0.238290134,0.21117591,-0.151908584,0.595885613,-1.028291507,-0.313411094,-0.622551426,-0.472055485,1.421527097
0.109307404,-0.296302332,0.258168265,-0.175198246,0.689150858,0.032074125,0.106337166,-0.020664057,0.074628574,0.12117172,-0.392583028,-0.37228013,-0.611796922,-0.165720432,-0.693116806,-0.205052973,1.326579629
-0.381076686,-0.56977501,0.285966452,-0.690646366,0.376002504,-0.147807838,0.055136922,-0.014402221,0.090679205,0.093184551,-0.362658867,-0.069292475,0.43475718,-0.408546898,0.162264555,0.661001578,0.201088627
-0.070600044,-0.405498136,0.042584456,-1.155361404,-0.179022088,-0.145617532,-0.04832975,0.040075746,-0.020166177,-0.115129035,0.0964528,-0.048222815,0.6133009,0.441153927,0.966781529,1.005441014,-0.828727102
0.184814015,-0.153224422,-0.099511594,-0.37407193,-0.473089717,0.047708372,0.029466502,-0.283348048,-0.217849587,0.166968905,0.330446927,-0.812072201,0.35021211,0.951358035,0.692042206,0.559404335,-1.361362941
-0.088863376,-0.043213273,0,0.912519048,-0.338402253,0.222051631,0.049302203,-0.426430986,-0.231979629,0.409948416,-0.160236103,-1.421460202,-0.463117916,-0.212904721,0.230591185,0.24841765,-1.076561861
0.097586161,-0.168595181,0.170337825,1.033602005,0.011785153,0.194332941,-0.115241557,-0.211650034,-0.059812607,0.340616566,-0.486290492,-0.561016808,-0.589237246,-0.569280372,0.139160661,-0.000619495,-0.287893162
0.161098943,0.489810825,-0.056335687,0.340926316,0.293506432,0.04723003,-0.11481977,-0.136194918,0.229098747,0.462106322,-0.288443288,0.775719618,0.437442856,-0.385530171,0.17838355,-0.393999066,0.066265951
-0.239058837,1.193906337,-0.376458421,-0.296281203,0.340647044,-0.098664438,0.019905999,-0.254230514,0.161878156,0.14343424,-0.102034983,0.741295947,0.809462652,-0.528233876,-0.047192837,-0.45532911,-0.220567603
0.074143676,0.983486989,-0.208190674,-0.457274186,0.113923147,-0.218023484,0.15348357,-0.113026128,-0.203993914,-0.608720922,0.313517355,0.427031572,-0.018692303,-0.756866694,-0.314589062,-0.289304346,-0.282633518
0.124844866,0.306932012,0.152594301,-0.279370176,-0.043212228,-0.191337007,0.145610214,0.188481243,-0.204679838,-0.552746584,0.670868573,0.238443272,-0.762517041,0.03989566,-0.467003119,-0.188946093,0.233030858
-0.456038123,-0.07869587,0.10202526,0.46606792,0.010662758,0.029229245,0.004147571,0.42016915,0.167777106,-0.376872671,0.4348612,0.191110724,-0.528863256,0.768375058,-0.307872814,-0.0805344,0.828378045
-0.044431688,-0.078363692,-0.076592876,0.82187594,-0.063415348,0.271094327,-0.115944535,0.670955655,0.581252329,0.342206746,-0.02681278,0.747824574,0.284574196,1.077182807,0.129310164,0.013628899,1.490079049
0.598601147,-0.123147259,0.052343394,0.223225564,-0.338402253,0.314497617,-0.263195031,0.644969038,0.641613676,1.003721646,-0.087942259,-0.105941815,0.327007872,0.773745627,0.409780685,0.213106413,0.63720564
-0.097040987,-0.1387898,0.036965674,-0.029086967,-0.655478992,0.138492747,-0.328618867,0.270824378,0.255849798,0.520942983,-0.018210728,-1.747891564,-0.348600704,-0.466088715,0.372348796,0.556926353,-0.367971251
-0.447860512,-0.366482378,-0.257281089,0.031116291,-0.595992028,-0.049797974,-0.239762425,0.044772123,-0.060910086,0.316445829,-0.098191513,-0.8107368,-0.243429644,-0.815175735,-0.104952571,0.484445393,-1.287764911
0.042796166,-0.217244086,-0.059292941,0.558740351,-0.014591142,-0.096146846,-0.019941148,0.313091766,-0.16393593,0.008586972,0.123814647,1.077520249,0.346989299,-0.718121871,-0.275634823,-0.219301367,-1.7423701
0.099494271,0.163672915,0.424070209,0.55197594,0.440540247,-0.075124951,0.185258183,0.484666054,-0.269156731,-0.006042684,0.279841235,0.815188137,0.699349949,-0.644084734,0.025253093,-0.864815561,-0.412080037
0.311839577,-0.307898346,0.389766064,-0.24554812,0.569054536,-0.143678986,0.189335457,-0.106138109,-0.375612197,-0.110358495,0.067718285,-0.331327832,0.089057006,0.053705695,0.479540116,-0.830743315,0.443664063
0.055607757,-0.522424617,0.054413472,-0.058173935,0.507322781,-0.27552529,0.101181993,-0.438954656,-0.233351478,0.068059706,-0.05591334,-0.691144219,-0.602558197,0.471842896,0.469600069,-0.400813516,-0.010126536
-0.102220141,-0.251246983,-0.021292228,0.503948622,0.141421837,-0.379350792,-0.020163758,-0.025360433,0.028808824,0.288458661,-0.006588806,-0.565616523,-0.25803972,0.357526487,-0.274022923,0.053896099,-0.377509489
0.227337594,0.016427687,0.079845855,0.485684712,-0.164992143,-0.42436534,-0.289486415,0.015028405,0.127581937,0.200362686,-0.072110822,-0.586982939,0.51103037,0.355608427,-0.690519857,0.497454796,-0.429086728
0.237423315,0.0575875,-0.129823446,0.738673684,-0.086424456,-0.346823501,-0.465090365,-0.478091127,0.017696849,-0.259199348,-0.112924815,0.402400842,0.13986999,0.131962566,-0.545538447,0.659762588,0.281147739
0.121301234,-0.148151166,-0.266744302,0.754908271,0.22111192,-0.086277884,-0.216376684,-0.443024849,-0.193979418,-0.044525041,-0.024341978,1.238065128,-0.17381693,-0.560073682,-0.058834334,0.343200445,0.731749487
-0.336372411,-0.377595226,0.045837435,-0.61962005,0.385542866,0.224669927,0.209909285,0.053851784,-0.150491811,0.632891659,-0.174054294,0.241559208,0.120318271,-0.319165276,0.57186614,-0.039028209,0.750336161
-0.580610402,-0.388828865,0.256098188,-1.329883208,0.406868381,0.340177057,0.416350544,0.245777037,0.063790968,0.425850217,-0.440717917,0.125527696,-0.03759946,-0.351005081,0.732518795,-0.004336468,0.885188849
-0.515734686,0.050551376,0.082359521,-0.152199248,0.52528111,0.320640542,0.375999597,0.104259558,0.185199586,0.434755225,-0.367325938,0.3335535,-0.157488022,-0.597284056,0.063849132,0.117084628,-0.351201077
0.212890481,0.531000836,-0.209965027,0.479596742,0.331106682,0.428796302,0.178134671,0.059487436,0.327460304,0.228667891,-0.088308304,-0.272570187,-0.033087524,-0.08170938,-0.516792905,0.052037613,-1.005707739
0.575703835,0.483892026,-0.249444366,0.426834336,-0.122902311,0.660515488,-0.11149234,-0.120853422,0.561223337,-0.419489496,0.031845896,0.087394578,-0.029972141,-0.026469236,-0.544553398,0.066905502,-0.85446262
0.465306083,0.250159857,-0.067425389,0.694705013,-0.402939997,0.751551622,-0.287424346,-0.505330111,0.447908628,-0.445250413,0.205534145,0.78402878,-0.258362001,0.240141181,-0.812039173,0.182131644,-0.103339396
-0.119938299,0.156244218,0.2370239,0.313868672,-0.226723898,0.509359253,-0.169839529,-0.324676162,-0.007545168,0.196546254,0.259159705,0.059944668,-0.327115299,0.344483675,-0.676460511,0.091685317,0.358466915
-0.421692156,0.312488435,0.0856125,-0.045997995,0.224479107,0.014727914,0.063889,0.100815549,-0.261337193,0.673600268,0.334015863,-0.707910921,0.155984044,-0.1235231,-0.039043789,-0.293021318,-0.439198543
-0.025078008,0.227873766,-0.455269238,0.442392481,0.364778548,-0.389521864,0.257711801,-0.095179897,-0.637360944,0.698089041,0.226032653,-0.320051112,0.779490511,-0.374021808,0.682639459,-0.35992682,-0.753001029
0.109579991,-0.148513541,-0.502289575,0.482978947,0.219989525,-0.451756743,0.2287491,-0.528498901,-0.950691206,0.352065862,-0.155477521,-0.603452885,0.239454844,-0.463787042,0.943140336,-0.102836234,0.164768583
0.232516748,-0.050611772,-0.042584456,0.090643108,0.223356711,-0.274216142,0.16121633,-0.454609245,-0.824892673,-0.352701934,-0.509808869,-0.335779169,-0.375779742,-0.619533559,0.760458387,-0.579847683,0.755215333
0.30148127,0.046837028,0.181131801,-0.031116291,0.494415233,-0.09748117,0.254478102,0.249534138,-0.195625636,-0.519034767,-0.541929299,0.474512498,-0.266204174,-0.761086428,0.265515676,-1.265629077,0.88821802
0.152921331,-0.011626213,0.107644042,0.19616792,0.757616985,0.039551373,0.213002389,0.956495346,0.45586535,-0.704131725,-0.142940487,0.590544009,0.043830227,-0.652140588,-0.619148527,-1.074205002,0.919947687
-0.015264874,-0.066948866,-0.023362306,0.034498496,0.671753727,0.170743103,-0.01083758,1.041343215,0.264904,-0.543205504,0.300522766,0.418128899,0.225704185,-0.216740843,-0.726429397,-0.380370168,0.227948831
-0.077687307,-0.202749068,-0.01315978,0.016234586,0.200908801,0.209665078,-0.142095323,0.807463665,-0.288636984,0.310721181,0.486382003,0.198232863,0.398876553,0.204848867,-0.255754728,0.073719951,-0.598357622
-0.343187087,-0.331211167,0.177730959,0.469450125,-0.206520778,0.184665387,-0.079307655,0.663754544,-0.203582359,0.730210678,0.456091798,-0.178646982,0.447111288,0.639097776,0.114265768,0.145581416,-0.867812639
-0.265772367,-0.487153405,0.161466063,0.326721053,-0.327178298,0.119056935,-0.043467484,0.386981423,0.425547492,0.644977027,0.49223872,-0.211735251,0.343766488,0.67976066,0.237844733,-0.0805344,-0.935191439
0.052609299,-0.236389589,-0.17610447,-0.162345865,-0.431561083,-0.043227058,-0.111820396,-0.050407774,0.650119138,0.415355028,0.558035269,-0.542469572,0.112368671,0.285023798,0.383900743,-0.159210315,-0.576071347
-0.017172984,0.13495466,-0.339049159,-0.255694737,-0.527525901,-0.265454921,-0.249182333,-0.342835484,0.03937206,0.069967922,0.19830476,-0.419761056,-0.050490703,-0.313027482,0.503002209,0.273197466,0.017044882
0.339370869,0.463115833,-0.289367294,-0.233372181,-0.490486848,-0.410669639,-0.420662144,-0.51754069,-0.747383217,0.072194174,-0.538817918,-0.548107932,0.272327515,-0.535138894,0.157607956,0.696932311,0.036161132
0.214253416,0.338458676,-0.105426101,0.097407519,-0.262640555,-0.510466993,-0.337476392,-0.625557349,-0.758632377,0.157427825,-0.721840309,0.111728552,0.047805027,-0.950974422,0.055879184,0.733482539,0.525410363
0.080958352,-0.106508186,-0.016708485,0.658177193,0.170042923,-0.655178192,-0.009560503,-0.597692182,-0.204131099,-0.234392539,-0.425344036,1.537788469,-0.32163652,-1.053782468,0.03707369,0.63931924,1.463266269
-0.218342222,-0.287484529,-0.209965027,0.622325815,0.51517955,-0.649538786,0.053777831,-0.381658863,-0.181495594,-0.237254863,-0.207272858,1.292668192,0.181659103,-0.395120474,-0.060804433,0.339483472,1.41481999
-0.204440282,-0.419147611,-0.415198447,0.43562807,0.551096207,-0.331415836,0.000210893,-0.056356518,-0.537764723,0.038164321,0.149071737,-0.281917994,0.149430995,0.409314122,-0.088744025,-0.23231077,-0.186033486
-0.025350595,-0.556850285,-0.210112889,0.58241579,0.342891835,0.045568419,0.213705367,0.057295793,-0.423764089,-0.192729822,0.356070061,-0.673784006,-0.632960046,0.624904128,-0.473002968,-0.328952051,-1.032483206
-0.101129793,-0.355611115,0.211295791,0.344308521,0.177899692,0.173638334,0.177900345,0.002504734,0.21400841,-0.445250413,0.184212036,-0.706723898,-0.754030306,0.743823883,-0.730727795,0.114606647,-0.556363679
-0.248599383,0.048467717,0.317461206,0.347014286,0.344014231,0.13026022,-0.196693295,-0.108016659,0.558891194,-0.356200331,-0.06204459,-1.080636185,-0.401239948,0.5543195,-0.216800489,0.15177637,-0.406258813
-0.16873138,0.662059959,0.279016905,0.741379449,0.689712055,0.158381725,-0.155451909,-0.285226599,0.455453796,-0.468785078,-0.231340302,0.190072079,0.708588673,-0.329522803,0.517598855,-0.066905502,0.086948169
-0.106581534,0.579921522,0.302379211,0.162345865,0.672314925,0.249543738,0.170261316,-0.119914146,0.396875853,0.066469526,-0.272245806,1.056005455,1.213495703,-0.375556256,0.604730981,0.071861465,0.198355593
0.394160864,0.080386955,0.276355377,-0.882755639,0.218867129,0.26626055,0.127098455,0.298063361,0.397013038,0.084597579,-0.167099443,0.201942311,0.113550368,-0.215206394,-0.07011763,0.282489897,-0.522905178
0.426598723,-0.207580741,0.033416969,-0.485684712,-0.19361323,0.254578923,0.032747067,0.494684991,0.414847072,0.445568449,0.007412407,-0.178350226,-0.786688122,-0.226331145,-0.353364201,0.019204357,0.103538559
-0.252960776,0.142896722,-0.293655312,0.482978947,-0.237386655,0.282876659,0.162950343,0.336573649,0.132932147,0.862831694,0.021596642,-0.063802493,-0.934615139,0.246662587,-0.254680129,-0.037169723,0.80427186
-0.459581755,0.351021026,-0.029128951,0.790759649,0.07800649,0.295162509,0.182774327,-0.059800527,-0.327871859,0.421079677,-0.02141362,-0.310703305,-0.728677527,0.156897353,-0.403870387,0.736580016,0.603244819
-0.045522036,0.089355748,0.470646958,0.307104261,0.21606114,0.275625993,0.095979954,-0.459618713,-0.430211778,-0.566422133,-0.335937598,-0.42154159,-0.264055634,0.109329452,-0.53568795,1.185714172,-0.111582554
0.232516748,-0.158267481,0.4169728,-0.321985965,-0.019080724,0.304830063,0.022858507,-0.35097587,-0.369438877,-1.167828227,-0.66446279,-0.167370262,0.508989256,-0.099739149,-0.362856498,0.317181638,-0.031576896
0.131659542,-0.135649213,0.091822734,-0.388953634,-0.270497324,0.382371902,-0.026010193,0.1559197,-0.290283202,-0.626212903,-0.409421088,-0.213664164,0.793133744,-0.142320093,0.151429008,-0.80720249,-0.137289706
0.195990084,-0.003593557,-0.115628627,-0.05546817,-0.298557212,0.356591758,-0.122505664,0.19317762,0.051581514,-0.060108806,0.297685919,0.157280565,0.081429687,0.06176155,0.229964336,-0.753306391,-0.2398158
0.090226311,0.126287847,-0.024840933,0.06155614,-0.092597632,0.092748096,-0.310622626,-0.224173705,0.528710521,0.116083143,0.832385833,0.792634697,-0.559587386,0.487187381,-0.009223647,-0.070622474,-0.079029675
-0.213980829,0.360684371,0.145053304,0.187374186,0.27891529,-0.224972038,-0.33368031,-0.230748632,0.693743929,0.635117911,0.728978182,-0.017211835,-0.582254489,0.683596781,-0.14274266,-0.104075225,0.27695998
0.013084178,0.152137296,-0.123761076,0.445098246,0.666141749,-0.315101839,-0.014797691,0.180653949,0.226080679,0.364787303,0.230150656,-0.523328824,-0.26996412,0.235154224,-0.354438801,-0.810299967,-0.208440326
0.156192376,-0.538248345,-0.314799678,0.172492481,0.827205508,-0.269885883,0.307482657,0.226991531,-0.683180694,0.126896368,-0.20974366,-0.094071583,-0.081429687,0.072502689,-0.364647498,-1.093409359,-0.244996967
0.140654914,-0.477973227,0.01153329,-0.529653384,0.709915175,-0.320237727,0.222047375,-0.219164236,-0.857679859,0.224533423,-0.280481814,0.167667018,-0.042111395,-0.154212069,-0.062326783,-0.280631411,0.472680715
-0.206893566,0.004046526,0.148454146,-1.114098497,0.533137878,-0.455885594,-0.029478218,-0.422673884,-0.171481098,-0.455745602,-0.148431159,-0.091400781,0.242999936,-0.201012746,0.176234351,0.743394465,0.584099654
-0.360360071,0.146339289,-0.057666451,-0.931459399,0.360288966,-0.491635404,0.114538578,-0.061679078,0.291106312,-0.769011071,-0.209652149,0.311296817,0.399628542,-0.196409401,0.105042121,0.731004557,0.765119319
-0.234424857,-0.026544002,-0.057370726,-0.260429825,0.194735625,-0.456288409,0.231842204,0.397626543,0.249950848,-0.374646419,-0.15081045,0.101193722,-0.508559548,-0.228632818,-0.07065493,0.161068801,1.290270898
0.073598502,-0.111188869,0.274728887,-0.2699,-0.115045542,-0.390730308,-0.096495472,0.523489433,-0.210990343,-0.041344681,-0.080987408,0.04080392,-0.941920177,0.440386703,0.037969189,-0.019204357,0.037926737
0.161098943,-0.396559541,0.341119237,-0.566857644,-0.466916542,-0.135169525,-0.205644551,0.082030043,-0.519519134,-0.436027369,-0.180277055,0.779874199,0.312397796,0.634110819,0.182950599,0.124518573,-1.736932035
-0.310749229,-0.455022782,-0.214844496,0.169786717,-0.543239438,0.20644256,0.155311313,-0.391990891,-0.127444752,-0.199408578,-0.186591327,0.508045901,1.293421411,0.550099767,-0.050058436,0.296118795,-0.844743594
0.258685104,0.126710618,-0.44003938,0.608796993,-0.286772059,0.43665119,0.36236182,-0.356611522,0.440637829,0.441433981,-0.016929571,-0.619180942,0.381795656,0.207917764,-0.310290663,0.300455263,-0.066627766
0.642215074,0.437145592,0.018926425,0.307104261,0.237947853,0.614493903,0.20428546,-0.097684631,0.504017243,0.630347371,0.486290492,-1.080932941,-1.130132329,0.216740843,-0.165398804,-0.06442752,0.154572834
-0.143380785,0.419509987,0.189559975,0.202932331,0.636959465,0.566156132,0.114163657,0.110834485,0.402774803,0.205769298,0.773452623,-0.660578374,-1.105638967,0.087079949,-0.084714276,-0.451612137,1.067359198
-0.398794844,0.594416541,0.034304145,0.081849373,0.708231582,0.148865226,0.0477908,0.236071192,0.141986349,0.039436465,0.41417967,-0.192297748,-0.501791645,-0.294614101,-0.626849824,-0.465860531,1.607178386
-0.152921331,0.423858492,0.158804534,0.119730075,0.466355344,-0.392845086,-0.331993163,0.379780312,-0.169697694,-0.252202555,0.09260933,-0.039913653,-0.163826217,-0.142703705,-0.82314337,-0.334527509,0.293421018
0.085047157,-0.195531757,0.248409327,-0.25163609,-0.071272116,-0.762931138,-0.648427075,0.358490072,-0.179026266,-0.412174668,0.045847109,0.57496433,0.614912305,-0.247046199,-0.133160813,-0.196380038,-0.718653436
-0.314292861,-0.56651363,-0.044210946,-0.780613033,-0.391716041,-0.83261809,-0.495459023,0.011271304,-0.160506308,-0.529529956,0.000640578,0.607755844,1.230254319,0.193340504,0.695445105,0.23231077,-0.699274765
-0.616319305,-0.295335997,-0.167232708,-0.733262156,-0.455692587,-0.573003983,-0.122786856,-0.355985338,0.094108826,-0.134529232,0.110454013,-0.21321903,0.762517041,0.584241245,0.609208479,0.622592864,-0.251144259
-0.318381666,-0.171041215,-0.162205376,-0.558740351,-0.381053284,-0.065986091,0.193084674,-0.40764548,0.285070177,0.315491721,0.066894684,-0.001632157,-0.113765222,0.12544116,-0.081400927,0.205052973,0.264460095
-0.057243279,-0.139454155,-0.393906219,-0.259753384,-0.172287714,0.431716709,0.290048798,-0.147466222,0.036902732,-0.002544288,-0.11173517,0.637876556,-0.670129797,0.296915774,-0.795203777,-0.400813516,0.131317705
0.417058176,0.318528026,-0.625015611,0,-0.255906182,0.669880931,0.058148012,0.049781591,-0.25927942,0.432210937,-0.2296931,0.606717199,-0.935474555,0.107795003,-0.686758758,-0.299835768,-0.545183028
0.537541649,0.333264628,-0.386956673,0.258400501,-0.501149606,0.586598981,-0.057034963,-0.137447285,-0.604299389,0.350157646,-0.168655133,-0.186956144,-0.432393786,0.084394664,-0.050506186,-0.23912522,-0.814999941
0.372899075,-0.076672607,-0.040957966,0.581739349,-0.700936011,0.327286985,0.109570866,-0.373518477,-0.755614309,-0.621124326,-0.119696644,-0.853469633,0.528970683,0.417369976,0.406019586,-0.775608225,0.094701965
0.084229396,-0.265138042,-0.089013342,0.698763659,-0.717210746,0.105210178,0.175041567,-0.06731473,-0.171069543,-0.147886744,0.072293844,-0.946650949,1.020986469,0.043348169,0.264888826,-1.145446972,0.838276815
-0.178271926,0.027208357,-0.04332377,0.011499499,-0.327739496,0.08328195,0.170495642,0.440833207,0.68784498,0.294501345,0.33145355,-0.790705785,0.379217407,-0.211370273,-0.176144801,-0.734102034,0.331484221
-0.278311371,0.093553264,0.274433162,-0.456597744,-0.00505078,0.251054294,0.249322928,0.385415964,0.904048348,-0.684413492,0.242870713,1.092506416,-0.845343279,-0.105109718,-0.422675882,-0.050179126,-0.462614639
-0.173092772,-0.135951192,0.275616063,-0.916577694,0.008979164,0.424969562,0.322573255,0.017220047,0.553403799,-0.785548943,-0.160968193,1.189990691,-1.384949238,0.136565911,-0.184831148,0.278772924,-1.159550321
-0.032165271,-0.015098977,0.079993718,-1.033602005,-0.204275987,0.44702367,0.019659956,-0.107390476,0.113314709,0.444614341,-0.173688249,-0.614136094,-0.523384478,-0.040279272,0.724101097,0.363024297,-1.4231793
0.334464302,0.181580302,-0.076888601,-0.247577444,-0.670070134,0.344205205,-0.393105399,-0.072324198,0.093560087,0.249340231,0.121801401,-0.375396066,0.657345981,0.165720432,0.823501569,0.509844704,-0.182396594
-0.255141472,0.156999167,-0.394349807,0.396394486,-0.913629964,0.218426299,-0.313153347,0.011584395,0.46231304,0.429348613,0.279932747,-0.141849264,1.11165488,0.157280965,-0.223606287,0.654187129,0.716458391
-0.19817078,0.351383401,-0.511013474,0.560769674,-0.532015483,0.123991416,-0.243745968,0.279277856,0.364774591,0.977324657,0.142757465,-0.226721418,1.160211897,0.050636799,-1.375487615,0.551350895,0.730892091
0.176636404,0.325896327,-0.163979729,0.234048622,0.098770807,-0.015508368,-0.265866348,0.564191363,0.01714811,0.229940035,-0.150444405,1.018762604,0.7007465,0.011891975,-0.975020127,0.226115816,0.602567969
-0.512191054,-0.110524514,0.081028757,0.178580451,0.376563702,-0.197782043,-0.091855816,0.311213216,-0.212499376,-0.519034767,-0.360279576,0.645740585,-0.63607543,-0.31801444,0.345483803,0.098499767,0.175078919
-0.49501807,-0.637297636,-0.008576036,0.631119549,0.320443925,-0.392845086,0.09171522,-0.223547521,-0.430211778,-0.496772247,-0.343350005,-0.391717634,-0.843087312,-0.247046199,1.134419082,0.229832789,-1.472368628
0.579247467,-0.745043939,0.081472345,0.717027569,0.154329386,-0.57018428,0.068856713,-0.26769346,-0.311135304,-0.229621999,-0.171308958,-0.1308693,0.253312931,-0.013810036,0.415243234,0.03221376,-1.646938767
0.410788674,-0.438715886,0.279312631,-0.132582456,0.198102812,-0.512883882,0.019519361,-0.066375454,-0.264766815,-0.637662199,0.016288993,0.224198994,0.933755723,-0.281571289,-0.362229649,-0.634982772,-0.41219318
-0.057788453,0.112608173,0.229482903,-0.660882958,0.41472515,-0.245314183,0.040046324,-0.117722504,-0.538450647,-0.421079677,0.231248791,0.36946095,0.532300921,-0.080942155,-0.278321322,-0.760740336,0.346620609
-0.136020935,0.497299918,0.107791905,-0.083202256,0.49497643,-0.091036134,0.101744376,-0.162807718,-0.534335101,0.286232409,0.471831723,0.06335736,0.127086174,0.351388693,0.093937924,-0.219301367,0.774487282
-0.488475981,0.326621078,-0.076888601,0.449156892,0.598798017,-0.161428011,0.258649106,-0.04070193,-0.183964922,0.445886485,0.639663256,-1.562122444,-0.018584876,0.519027186,0.160204905,-0.139386462,0.862835972
-0.133840238,0.259460827,-0.121986723,0.254341855,0.592624842,-0.307851173,0.278051303,0.083908593,0.217986772,0.00318036,0.523810082,-1.523544192,-0.224092779,0.002685285,0.257456178,-0.75888185,0.076156616
0.186722125,0.254508362,-0.014786269,-0.114994987,0.408551974,-0.442693411,0.069934613,0.155293516,0.424724383,-0.083961506,0.234726216,0.118405558,-0.068323589,0.018796993,0.244202782,-0.82330937,-0.026118739
0.166550683,0.353920029,0.022918718,0.003382206,-0.079128885,-0.469178481,0.037703063,-0.121166514,0.206600427,0.379416959,-0.097550934,0.903027849,0.491693505,-0.714669362,-0.447123025,-0.265144026,-0.045519136
0.195172323,0.402236757,0.162501102,-0.133935338,-0.468038937,-0.221648817,0.067954558,-0.479969678,-0.195762821,0.228667891,-0.483453645,0.550185222,1.065246405,-0.782185094,-0.808098974,-0.257090586,-0.391018269
-0.004906567,0.266104377,0.32810732,-0.248253885,-0.597675622,0.166840835,-0.140689367,-0.206014382,-0.171343913,0.069967922,-0.801638072,0.83610942,0.553464046,-0.298833834,-0.636431672,-0.43116879,-0.089771959
-0.056425518,0.088480007,0.275763926,0.010146617,-0.403501194,0.423056192,-0.227952392,0.292114618,0.144730047,0.181598561,-0.906326879,1.247561313,-0.186923028,0.082860216,0.031700691,-0.190804579,-0.082707008
-0.381076686,0.026151429,0.203606931,0.058850376,0.152084595,0.40825275,0.038534921,0.294619352,0.283972698,-0.363833195,-0.788094415,0.584312137,-0.552389775,0.445373661,0.912693344,0.112128665,-0.275624456
-0.068146761,0.191666419,0.194143718,0.430216541,0.453447796,0.179076333,0.141251749,-0.141204387,0.121957357,-0.123079936,-0.48839525,-0.348242912,0.079388573,0.494092399,0.78660698,0.15177637,0.110305447
0.136566109,-0.365153668,-0.160874612,0.702822306,0.352993395,0.030085227,-0.029911722,-0.328746355,-0.184650846,0.112902783,0.081536475,-0.64039898,0.489544964,0.591913487,-0.117579117,0.073100456,-0.152743736
0.080685765,-0.909320812,-0.644533487,0.336191228,0.052191392,0.160874141,-0.153296109,-0.025986617,-0.090130465,-0.526667632,0.861303371,-1.199190121,0.096039763,0.464554266,-0.563537992,0.021682339,0.416139127
-0.087227854,-0.692861873,-0.582283293,-0.163698747,-0.17846089,0.389622568,-0.251759919,0.242959211,0.193293493,-0.718125309,0.707198518,-0.807472487,-0.029435006,0.270446538,-0.188502697,-0.076817428,1.052137111
-0.148287351,-0.529913709,-0.067868977,0.025028321,-0.083618467,0.452965187,-0.236903647,0.152162598,-0.074902944,-0.024488773,0.024433489,0.353584516,-0.02674933,-0.32722113,-0.032685741,-0.006814449,0.347711792
0.071690392,-0.364670501,0.385625908,0.487714035,-0.03254947,0.381868384,-0.02329201,-0.089231153,-0.531865773,0.114174927,-0.188604574,0.531489608,-0.688499819,-1.044575777,0.160563105,0.272577971,-0.346160335
-0.227882768,-0.241583638,0.397011336,0.580386466,-0.227285096,0.282675251,0.117819143,-0.387607607,-0.450926695,-0.118627432,-0.08190252,0.541430927,-0.621035646,-0.343716451,0.416317833,0.037169723,-0.466940135
-0.24342023,-0.09714682,0.195178757,0.16572807,-0.355238186,0.054908686,0.027779354,-0.591430346,0.059675422,0.419807532,-0.060214367,0.112767198,0.30358878,0.048718738,0.206770892,-0.616397911,-0.353678217
0.139019392,0.117349252,0.292620273,0.113642105,-0.362533757,-0.29657236,-0.190928874,-0.318101235,0.517598546,0.001908216,0.067443751,-0.205206624,0.828906944,-0.051404023,-0.295604467,-0.435505257,-0.491298684
0.482479066,0.130545758,0.418155701,-0.14746416,-0.137493453,-0.481565035,-0.086876387,0.03537937,0.493454007,-0.25506488,0.207272858,0.344236709,0.675286295,0.582706796,-0.07181908,0.307269712,-0.166123926
0.463125386,0.500682089,0.070678368,-0.620972932,0.243559831,-0.490124848,0.226827627,0.071384923,-0.032924371,0.882549926,0.126651494,-0.149564915,-0.294994617,0.868114207,0.439063527,0.363643792,0.463756095
0.040888056,0.794206209,-0.297499742,-0.716351128,0.411357963,-0.474515777,0.099682306,-0.011897487,-0.363128373,0.560061413,-0.136168659,-0.521548289,-1.02528355,0.255102054,0.515091456,-0.007433945,0.664917944
-0.16137153,0.451157443,-0.193995856,0.00608797,0.222234316,-0.467365815,-0.114397983,-0.355359155,-0.21455715,-0.628757191,-0.358449352,-0.18369183,-0.644562165,-0.164569595,0.1791895,-0.133191508,0.288337989
-0.04334134,0.266587544,0.036817811,0.845551379,0.017958329,-0.47844322,-0.02890412,-0.687236427,0.194528157,-0.34506907,-0.3743723,-0.815781648,0.418428272,-0.357910099,-0.173189652,-0.419398377,-0.777723882
-0.136293522,0.200725805,0.144166128,0.598650376,0.046018217,-0.435140635,0.236763052,-0.27301602,0.464782368,0.009223044,-0.067260729,-0.025372619,0.93676368,-0.619917171,0.085341126,-0.644894698,-1.137386818
0.073598502,0.025758855,0.161022475,0.045321554,0.101576796,-0.280157659,0.420662144,0.358490072,0.273409462,-0.310085109,0.157765301,1.213137642,0.680335365,-0.110480288,0.92881234,-0.087968345,0.333823383
0.022352138,-0.012320766,0.038740026,-0.046674436,0.074639303,-0.111856621,0.154936391,0.373518477,-0.076823532,0.117673323,0.248086851,0.565468145,-0.120855406,-0.15267762,0.709235801,0.458426587,1.418418084
0.052881886,0.006673748,-0.229926491,-0.336191228,0.103821587,0.057199695,-0.266006944,0.057608885,-0.196174376,-0.046433257,0.174786383,-0.128198498,-1.052784869,-0.006521406,-0.018268195,0.192663066,0.796009645
-0.154829441,0.095123557,-0.304005701,-0.52153609,0.184634065,0.268778143,-0.248385624,0.048842316,-0.119899584,-0.836752741,-0.032303452,-0.67422914,-0.860705344,0.323385009,-0.041998938,-0.185848616,-0.450821734
-0.019626267,0.04798455,0.015673446,-0.698763659,0.24131504,0.423559711,-0.068317763,0.248907954,0.054325212,-0.358426583,-0.10715961,-0.917865638,-0.320777104,0.38898268,0.412377635,0.105314216,-1.143370936
0.167641032,-0.28688057,0.524616842,-0.86449173,0.218867129,0.437356116,-0.118006604,0.146213855,0.311546859,0.818942724,0.066711661,-0.141107375,0.687532976,0.036443151,0.416407383,0.545775436,-0.659563332
-0.104673425,-0.487153405,0.726005832,-0.573622055,0.069588523,0.359814276,-0.213330446,-0.244211578,0.284521438,0.796362168,0.29246978,0.497956204,1.542652115,0.455347575,0.022477044,0.313464666,0.725423133
0.812309389,-0.352470527,-0.997629603,1.346794236,-1.058980186,0.173814565,0.250635154,0.212589309,-0.307156942,-0.476099906,0.957573148,0.341714285,-0.690863214,0.828602159,-0.450615474,-0.519137135,-0.076737976
0.549262892,0.497783085,-0.84000797,1.200682958,-0.762106567,-0.162711983,0.295250836,0.247655587,-0.245423747,-0.86473991,1.072877255,0.466054958,-1.180837886,0.775280076,-0.049968886,-0.570555252,-0.310592608
-0.230881226,1.795932763,-0.574594432,0.740703008,-0.630225092,-0.667866857,0.25625898,0.320605969,-0.02277269,0.442706125,0.763203369,-0.087691334,-0.652726619,-0.294997713,0.636342122,-0.828884828,-0.562506678
0.164369987,1.51086407,-0.673070987,0.71770401,-0.679610496,-0.839063126,0.136658959,-0.200691822,0.086838028,0.503132967,0.281396926,0.267376961,0.534771743,-0.818244632,0.64278972,-1.077921974,-0.356268018
-0.176363817,0.223313875,-0.694806803,0.044645113,-0.722261526,-0.627585382,-0.184367744,-0.651230874,-0.032650001,-0.005406612,-0.260532373,0.191704236,0.572048921,-0.112398348,0.296141767,-0.859240102,0.044293746
0.35490833,-0.981191945,-0.112079923,-0.792112532,-0.580278491,-0.292443509,-0.28601839,-0.389173065,-0.148708408,0.152339249,-1.18964554,0.054009553,-0.613408327,0.145772602,0.203905293,-0.237886229,0.615999435
0.686101588,-1.456749335,0.713733228,-0.368660401,-0.079690083,-0.10007429,0.049665409,-0.167191003,-0.169148955,-0.172693553,-1.666235846,-0.082052974,-1.172243724,-0.177996019,0.721683248,0.415681405,0.14264833
-0.678741738,-1.236908225,0.827291778,-0.010146617,0.356360582,-0.201835366,0.05057928,-0.433945188,-0.160780677,-0.077918822,-1.141693674,0.181021028,-0.689036954,0.110096676,0.377811344,0.758262354,-0.889801615
-0.799225211,-0.543442393,0.384147281,-0.189403509,0.504516792,-0.518422584,-0.305561183,-0.543214214,0.010700421,0.26460596,-0.703355048,0.272570187,-0.06542306,0.026852848,-0.57079154,0.678347449,-0.594088697
-0.061877259,0.441373306,0.065503174,-0.403835338,0.638643059,-0.846313792,-0.330774667,-0.422360793,0.353936986,0.202588938,-0.294483027,0.143629799,0.045119352,-0.095903028,-1.03555591,0.464621541,0.350787264
0.465306083,0.865111007,0.222976944,0.534388471,0.766596149,-1.103309603,-0.207378564,-0.207892933,0.633245398,0.646885243,0.01757015,-0.063060604,0.154050357,-0.052938471,-0.532553701,0.440461221,0.344571083
0.485477524,0.5625275,0.388583162,1.342735589,0.721700328,-1.139965745,-0.249510389,0.324989253,0.490298755,0.342524782,0.369064651,-0.909111342,-0.100551698,0.087079949,0.672968062,0.555067867,-0.377733728
0.257594756,0.316836941,0.332395338,0.344984962,0.417531138,-0.789718319,0.008142831,0.835015741,-0.19151009,-0.213402162,0.792486952,-0.8107368,-0.654338024,-0.032607029,1.327130628,0.723570613,-0.607790582
-0.154829441,-0.011203441,0.543247541,-0.592562406,0.069027325,-0.082929487,0.132159898,0.935831289,-0.973463896,-0.596317518,0.618890214,1.025291231,-0.985320696,0.284256574,0.404407687,0.913136201,-0.129788676
-0.292758484,-0.489327658,1.000291131,-0.321985965,-0.151523397,0.605329867,0.09535899,0.587047062,-1.141926927,-0.54193336,0.315256068,1.226194897,-0.637042273,-0.087847173,-0.625417025,1.027742848,0.293364487
0.47021265,-0.346310145,0.699686272,-0.075761404,-0.186878856,0.823252647,0.261414153,-0.057295793,-0.859463262,-0.055974338,0.572402527,-1.133161959,0.033839514,-0.32530307,-0.623446925,1.058717617,0.33464804
1.031469371,-0.503822676,-0.332986789,-0.696734336,-0.116729135,0.728389773,0.363252259,-0.497502817,-0.773997083,0.1386637,0.37894786,-1.416118598,0.338395137,-0.022633115,-0.270978224,0.979422208,0.077301844
-0.206620979,-0.387379363,-0.61614385,-0.687264161,-0.092036434,0.789214801,0.349708213,-0.45022596,-0.775368932,-0.003498396,-0.099838714,0.473770608,0.642091343,-0.092834131,-0.186084848,0.881541936,-0.096098674
-1.002302558,0.193659484,-0.163092553,0.417364161,-0.060048161,1.010259395,0.527139906,-0.232000999,-0.450926695,-0.006996792,-0.292744314,1.025439609,0.193368649,-0.00537057,-0.091967824,0.640558231,0.135783987
-0.84447466,0.181097134,-0.352652527,1.024808271,0.192490834,1.112574342,0.636429581,0.064183812,0.263394966,0.459243998,-0.188696085,0.589802119,-1.180837886,0.524014143,0.32202171,0.016726375,-0.031261806
-0.360360071,0.32674187,-0.932570017,0.896284461,0.630225092,0.973200438,0.359596773,0.379154129,0.957962005,0.504405111,-0.262179575,0.576744865,-1.706370905,-0.043731781,0.442555976,-0.677727954,-0.360281008
0.514644338,0.465652462,-0.672479537,0.843522055,0.94730183,0.66031408,-0.028786957,0.443651033,1.088699194,-0.009223044,-0.469726966,-0.175679424,-0.51210464,-0.210219437,-0.018895045,-1.164651329,-0.298976077
-0.022897312,0.29618154,0.159839573,-0.015558145,0.835623475,0.401102788,-0.183008653,0.293680077,0.878257591,-0.301816173,-0.392949073,-0.349875069,1.517729044,0.254334829,-0.255665178,-1.496081361,0.153906617
-0.191356104,-0.069334504,0.417712113,-1.369116792,0.410235568,0.122858499,-0.174197993,0.009392753,0.68702187,-0.40326966,-0.099015113,0.124637429,1.496673347,-0.209452212,-0.14390681,-1.759986396,0.12452542
0.769513223,-0.146701664,-0.080437306,-1.635634587,-0.201469998,-0.236049444,-0.386356809,-0.266441093,0.681808845,-0.207359478,0.060122855,-0.425399415,0.081859395,-0.69241986,0.093131974,-1.986721708,0.074364069
0.63703592,-0.159082825,-0.562469692,-1.421879198,-0.908017987,-0.387306383,-0.474088486,-0.367569734,0.436933837,0.311993325,0.582102714,-0.562055454,-1.243145562,0.048718738,0.092773774,-2.023891431,0.257774332
0.723991187,-0.189824343,-0.541325326,-1.400233083,-1.504010015,-0.307045544,-0.312356639,-0.377275578,-0.314564926,0.450020953,0.702897492,-0.060093046,-0.843087312,-0.009206691,-0.223874937,-1.74326002,0.631570579
-0.545174086,-0.350537858,-0.366108033,-1.442848873,-1.579210516,-0.290932954,-0.180712258,-0.347844952,-0.998157174,0.015583764,-0.253577522,0.452107436,-0.150397838,-0.472993733,-0.25145633,-1.418024942,0.386311419
-0.799770385,-0.027993504,-0.022031542,0.316574436,-1.149333026,-0.471393962,-0.151702692,-0.464315089,-1.095421253,-0.25983542,-1.067752628,0.189626946,-0.114087503,-0.100122761,0.310111563,-1.2625316,0.10867138
0.103583076,0.460820789,0.718169109,0.903048872,-0.695885231,-0.725167255,-0.187413983,-0.597692182,-0.836964942,-0.221671099,-0.69896251,-0.290820668,0.293168358,-0.300751895,0.298559616,-1.038893765,-0.102849954
-0.550898414,0.230410394,1.304148969,0.970692983,-0.50002721,-0.88176149,-0.167121346,-0.68254005,-0.65917334,-0.314219577,0.103407651,-0.009051051,1.007665518,0.034908702,-0.537747599,-0.612061443,-0.395870841
-0.286761569,0.404652593,1.307697674,1.231122807,-0.32156632,-0.842285644,0.064603695,-0.749541688,-0.395778374,-0.153293357,0.266480601,0.070776254,0.749625798,0.629891086,-0.850724762,-0.052657108,-0.266819157
0.609232042,0.400545671,1.178761404,0.662912281,0.167236934,-0.526982398,0.000960737,-0.746097679,-0.179575006,0.202906974,0.391027338,-0.129830655,-0.208730714,0.576569002,-0.707444802,0.572413738,0.015095777
0.810673866,-0.202507484,1.230217622,0.750849624,0.908017987,0.015886007,-0.067837395,-0.662815269,0.181907149,0.200680722,0.597842639,0.099858321,-0.802479895,0.119303366,-0.065550582,1.072966011,-0.009468993
-0.557440503,-0.222015363,0.960220341,0.367307519,1.397943637,0.52758662,0.469027043,-0.272702928,0.745599813,0.361288907,0.2174306,0.250907015,-0.960397626,0.291161592,0.190920547,1.395723108,0.091953042
-1.225551346,-0.015310363,0.06254592,0.198197243,1.355853805,0.750343177,0.67617128,0.480908953,0.902950869,0.323124586,-0.68514432,0.696634201,-0.210879255,0.07096824,-0.387482742,1.579093743,0.166928883
-0.251052667,-0.373367512,-0.953122932,0.608120552,1.107804392,0.743495327,0.314371843,1.120555431,0.846979438,-0.046115221,-1.060065687,0.283401773,0.869729215,-0.189504383,-0.440764977,1.368465311,0.271270394
0.35681644,-0.41576544,-1.528308815,0.165051629,0.844041441,0.80995976,0.03156372,1.401398746,0.882235952,-0.289730805,-0.289632933,-0.871720114,0.697093981,0.02723646,-0.163518254,0.798529555,0.734213748
0.196535258,0.041371198,-1.326624099,-0.148140602,0.584206875,0.835034979,-0.214876998,1.361009908,0.955904232,-0.492001707,0.648722864,-0.780616088,0.151364682,-0.157664578,-0.225039087,0.24841765,0.777916866
0.24151212,0.165454594,-0.67484534,0.215784712,0.43717306,0.549741431,-0.443157446,1.014104231,0.780033218,-0.55147444,0.92096867,0.271234786,-0.176610033,-0.146923438,-0.268560375,-0.213725909,0.477250952
0.270406347,-0.356335866,-0.399229276,-0.224578446,0.459059773,0.008005943,-0.283019016,0.306203747,0.080115969,-0.205133226,0.825430982,0.472138451,-0.610185516,0.273899047,0.146235109,-0.772510748,-0.05804165
0.108217056,-0.360684371,-0.439300067,-0.790083208,0.503394397,-0.597374276,0.020937034,-0.578280492,-0.753282167,-0.215310378,0.400727525,-0.541430927,-0.6331749,-0.055623756,0.339036205,-1.387669668,-0.829450893
-0.778508595,-0.098656718,-0.174625843,-0.997750627,0.596553226,-1.012676284,0.151140309,-1.057623986,-1.151804238,-0.096682947,-0.065705038,-0.442166117,-0.227960152,-0.424658607,0.07253548,-1.767420341,-0.821901235
-0.132477303,0.835758595,0.376310559,-1.26359198,0.659968574,-0.966352588,0.088797861,-1.062633455,-1.161681549,0.18891339,-0.183662969,-0.098819676,0.571619213,-0.289243531,-0.327752908,-1.642901768,-0.273907338
1.001757384,0.813653692,0.793431221,-1.124245113,0.639204256,-0.399189418,-0.287939863,-0.759247533,-0.955904232,0.064879346,0.101211382,0.354474783,1.114233129,-0.265459581,-0.25002353,-1.205538024,-0.128748687
0.536996475,-0.108138876,0.733990418,-0.407217544,0.436050665,0.373711385,-0.528452132,-0.313404858,-0.34419686,0.778234115,0.318916516,0.867120399,0.273294358,-0.535138894,0.094564774,-0.700649283,0.024765501
-0.245328339,-0.801816094,0.516188668,0.627737344,0.05275259,0.869274233,-0.524327993,-0.049155407,0.296868077,0.585186257,-0.150444405,0.065879784,-0.390389818,0.351005081,0.029551492,-0.16788325,0.940710549
-0.306387837,-1.003055264,0.343189315,0.743408772,-0.301924399,0.87330238,-0.644115475,-0.011271304,0.707599602,0.163470509,-0.689994413,-0.47362223,0.228282433,0.931793817,-0.267396225,0.138147471,1.489660983
-0.864646101,-0.107595313,0.304745014,0.536417795,-0.425387907,0.557394912,-0.605498541,-0.109269026,0.784285949,0.358744619,-0.799441803,0.332959989,0.685706716,0.052171247,-0.396079539,0.069383483,0.375267461
-0.872278538,0.44825844,0.398933551,0.678470426,-0.313709552,-0.002819703,-0.066349424,-0.063557629,0.361344969,-0.227077711,-0.684961297,0.570512993,0.350426964,0.193724116,-0.081580027,-0.031594265,-0.762161965
0.658570296,-0.028023702,0.316721893,-0.200226566,-0.27386451,-0.585189129,0.565006997,0.388546882,0.212773746,-0.47101133,-0.678738536,0.140513863,0.493842045,0.6525242,-0.019521895,0.073719951,-1.097829452
0.384892905,0.065620156,0.10808763,-1.501022807,-0.537627461,-0.882164305,0.823328046,1.058876353,0.750264099,-0.45988007,-0.740874638,-0.551372245,0.929028934,-0.094752191,-0.054177735,0.268241503,-0.644741256
-0.413514545,0.240919283,-0.108826943,-1.465171429,-0.954597401,-0.981659548,0.690605766,1.350364788,1.291732814,-0.845021677,-0.009608676,-0.543804973,0.053606087,-0.446908109,0.230859835,0.379131177,0.144368458
-0.225702072,0.060969671,-0.688448708,-0.635178196,-1.272796535,-1.076723829,0.169933259,0.745471495,1.107081968,-0.241071295,0.934512327,0.408335958,-0.661750489,-0.552401439,0.681475309,0.434885762,0.331846437
0.169549141,0.415403065,-1.112223191,0.243518797,-1.534875892,-1.076723829,-0.416538005,-0.087039511,0.156665131,0.52921192,0.64460486,0.09288456,-0.088519871,-0.423124158,0.431093579,0.506127732,-0.129549993
0.575976422,0.768598343,-0.789734654,-0.150846366,-1.744763857,-0.831409646,-0.418225153,-0.108642843,-1.428917692,0.352701934,0.121069311,-1.150818928,0.320777104,-0.687432902,-0.10647492,0.673391486,-0.300195409
-0.133567651,0.154975904,-0.075262112,-0.67441178,-1.853636224,-0.46887637,0.268162744,0.667824737,-2.245442087,0.540025144,0.297319874,-0.507155634,0.315083472,-0.509053271,-0.207666392,0.984997666,-0.152512917
0.138201631,-0.437145592,0.398194237,-0.578357143,-1.670685752,-0.055865371,0.796333684,1.416740242,-1.752674005,0.373374275,0.412440958,0.176569691,0.530044954,-0.372103747,0.543836998,1.123764633,0.169743686
0.340461217,-0.456472283,0.711663151,-0.308457143,-1.204891605,0.258405663,0.939366312,1.602716751,-0.606082792,-0.371466059,0.402374726,0.43845667,0.950084631,-0.266994029,1.307429634,1.022786885,0.267077339
0.402065889,-0.410933768,0.796536338,0.447127569,-0.6784881,0.355081203,1.327410268,1.301209381,0.564515774,-0.718761381,0.096086755,0.585795916,0.117847449,0.271213762,0.651207418,0.973846749,0.151200945
-0.265227193,-0.515539483,0.109270532,0.758290476,-0.215499942,0.454878558,1.245489877,0.824996804,0.853975867,-0.676780628,-0.383065864,-0.169744308,-1.635469066,0.176077959,-0.612521828,1.02340638,-0.009961464
-0.839295506,-0.218150025,-0.760162115,0.635178196,-0.044895821,0.564846985,-0.098932463,0.365691183,0.607866196,0.471647402,-0.320838251,0.224644128,-1.393543401,1.089074782,-0.700639004,1.037035279,-0.131423465
-0.956780522,0.459250495,-0.989349292,0.707557394,0.016835933,0.820735055,-1.146323088,-0.38823379,0.600321027,0.93566194,-0.047585822,1.359734999,0.139547709,1.658355155,0.453391523,0.74401396,-0.286869824
-0.603780301,0.689479702,-0.894569304,0.280046617,0.133565068,1.202804846,-1.108830919,-1.507223763,0.884293725,0.462106322,-0.208554014,0.919201039,0.877034252,0.556237561,1.097882693,0.302313749,-0.457960146
0.603507714,0.438595094,-0.829509719,-0.55197594,0.333351473,1.438048661,-1.246427181,-2.078929328,1.017911797,0.79699824,-0.050056624,-0.172266732,0.349997256,-0.175310735,0.506942408,0.089207336,-0.39902451
1.413636406,0.397767459,-0.583466194,-0.842169173,0.606654786,1.609647745,-1.473254808,-1.860078183,0.43954035,-0.00159018,0.263277709,-1.045767381,0.074661784,-0.91414766,-0.529956752,0.186468112,-0.079136558
0.713905466,0.204168372,-0.328255183,-0.57023985,0.883325285,1.596757673,-0.3060767,-1.564206464,-0.449829216,-0.86951045,0.564807098,-0.316638421,0.554538316,-1.500690577,-1.384442612,0.41506191,-0.204552435
0.549535479,-0.404894177,-0.168267747,-0.100113283,1.003982805,1.151647373,1.7366373,-1.342224402,-1.020381125,-0.40326966,0.374280789,0.106832082,0.685599289,-2.216510776,-0.924513941,0.669055019,-0.363215091
-0.675470693,-0.510949394,-0.02306658,-0.580386466,1.012961969,0.493045255,2.687438724,-1.235773201,-1.046446251,-0.230894143,-0.372542076,-0.270641274,0.130416411,-1.266303577,0.379691894,0.820831388,0.331653814
-1.275707362,-0.255353905,-0.040662241,-1.540256391,0.931027095,-0.048740585,2.065068707,-1.296826096,-0.853015573,-0.18732321,-0.68514432,-0.567990569,-0.729966652,0.032607029,1.389457411,0.563121307,0.60238662
0.57706677,0.726321207,0.076445013,-1.630223058,0.693079242,-0.383378939,0.503894761,-1.097386641,-0.697310736,0.286550445,-0.388190491,-0.471099806,-1.213495703,1.019257378,1.539901369,0.049559631,0.356664257
1.094164391,0.934807886,0.266300714,-0.77249574,0.452886598,-0.635843084,-1.390397113,-0.654987975,-0.403597912,0.61126521,0.072293844,0.131166056,-0.95266288,1.931486977,0.797711177,-0.244081183,-0.157601403
0.236878141,0.556608701,0.187194172,0.274635088,0.327178298,-0.969575106,-2.486480694,-0.238889018,0.067357775,-0.201316794,-0.080987408,0.141997642,-0.157058314,1.12321626,-0.174891101,-0.299216272,-0.939446322
-0.886453064,-0.082440416,0.181575389,0.262459148,0.26376295,-1.215292104,-2.43249197,0.240767568,0.576450858,-0.618898074,-0.424154391,-0.335927547,0.995633691,0.191038831,-0.92809594,-0.441080716,-0.955675057
-0.737893126,-0.671481721,0.552415028,0.142729073,0.14815621,-1.037247984,-2.11005931,0.537265471,0.621996238,0.016219836,-0.25266241,0.500033495,0.651544922,-0.376707093,-0.595328233,-0.61515892,-0.335878605
0.319744602,-0.442822808,0.706192231,0.428863659,0.007856769,-0.686396336,-1.789126338,0.732947825,0.256810092,0.462106322,0.149620804,1.19221636,-0.637794262,-1.506061147,0.25127723,-0.644894698,0.177825836
-0.396886735,-0.175963482,0.407805313,0.082525815,0.06285415,-0.828992757,-1.051842821,1.156874076,0.062967859,0.889864754,0.294025471,0.557455739,-1.11853021,-2.007442175,0.383990292,-0.500552273,0.436212703
-0.701639049,-0.474349473,-0.022918718,-0.6994401,0.270497324,-1.419116368,0.09827635,1.33658875,0.416356106,0.946157128,0.623648797,-0.392904657,-0.416602013,-0.883842303,-0.121787966,-0.24717866,0.576519504
0.268770825,-1.331125844,-0.289071569,-0.871932582,0.500588408,-2.061605895,0.726598249,1.24266122,1.055088899,-0.14184406,1.065556359,-0.699156626,0.673889743,0.142703705,0.059461183,-0.084870868,0.750152003
0.831117895,-0.948819737,-0.119473058,-0.139346867,0.627980301,-2.406012507,1.036845953,1.392005993,1.136439532,-0.439843801,0.674803555,-0.15831921,0.350856672,0.982814228,0.733235195,-0.112748161,0.451499386
-0.135203173,-0.073622614,0.27872118,0.552652381,0.535943867,-1.969764132,2.048572152,1.335336383,0.505114722,-0.482460626,-0.168838155,-0.228947087,-1.375065952,2.142473638,0.840695165,-0.241603201,-0.27945361
-0.240421772,0.134139315,0.622058358,0.669000251,0.333351473,-0.813786501,2.627451252,0.934265831,-0.576862413,-0.519352803,-0.177257185,-0.345275354,-1.569723726,2.004756891,0.396795939,-0.352492875,-0.754705791
-1.412818645,0.81087548,0.366403758,-0.136641103,0.167798132,0.188567655,1.772629783,0.36694355,-1.516716014,-0.211493946,0.177074163,-1.026329877,-0.27683945,0.661730891,-0.190293697,-0.441700211,-0.359431796
-1.611807186,1.046540318,-0.136329405,-0.363248872,0.317637936,0.59586372,0.709539311,-0.332816548,-1.580369798,-0.369875879,0.145594312,-0.3040263,1.260763595,-0.151910396,-0.832814767,-0.540199978,-0.010458621
0.808765757,0.408155556,0.054413472,0.222549123,0.669508936,0.973603253,-0.117959739,-0.721989613,-1.117233649,0.048023437,0.342068848,1.0570441,1.391824568,-1.001994833,-0.417661083,-0.51170319,-0.175576666
2.164886297,-0.022195497,0.471977722,0.467420802,0.907456789,1.778024311,-0.6981042,-0.701012465,-0.450926695,0.492319743,0.358906908,0.650191921,0.300795677,-1.547874867,0.600163932,-0.429310304,0.262937324
1.632796389,-0.218210421,0.255211011,0.126494486,0.933833084,2.807215999,-0.331055858,-0.772084296,0.418413879,0.032121637,-0.448953925,-0.358035853,-0.632530338,-1.421666482,0.24885938,-0.435505257,0.428231338
0.629403483,-0.020685599,-0.333430377,0.440363158,0.720016735,3.28374585,0.511205734,-1.154369342,0.960019778,-0.179372309,-0.844831356,0.019140748,-0.846954685,-1.223339021,-1.181343269,-0.307269712,-0.251211302
-0.371263553,-0.217425274,-0.736504083,1.219623309,0.416969941,2.909530946,0.942178224,-1.533523471,1.074157597,-0.18732321,-0.072293844,0.359222876,-0.67582343,-1.859751513,-1.725090717,0.00805344,-0.061132568
-1.333223228,-0.708685601,-0.703678565,0.445774687,0.157135375,2.061203081,0.518516707,-1.742668771,0.988279863,0.188595354,0.572036482,0.302690899,-0.077669741,-1.385990556,-0.951378934,0.179034167,1.003875391
-0.707363377,-0.24641531,-0.484250326,0.05546817,-0.011785153,1.217708992,-0.995417105,-1.697270465,0.81186011,0.355882295,0.353965304,0.198826375,0.285218758,-0.163802371,0.278858622,0.146820407,1.306421798
0.451131556,0.59634921,-0.416824937,0.629766667,-0.2261627,0.248335294,-2.634949686,-1.376038313,0.579331741,-0.157745861,-0.016655038,0.119889336,0.349137839,2.015881642,1.450709594,0.273816961,0.42644192
0.739801235,1.09775605,-0.24308627,0.366631078,-0.536505065,-0.792940837,-2.775920244,-0.654674883,0.347352112,0.15138514,-0.350670901,-0.483415171,-0.413271775,3.317477533,1.602228151,0.696932311,-0.631483516
0.008995372,0.905455474,0.113706412,0.195491479,-0.816542751,-1.336942158,-1.825118821,0.364438816,0.186982989,0.989728061,-0.51676372,-1.283172007,-0.608466684,2.741292143,0.310201113,1.158456375,-0.599652743
-0.621225871,0.610119477,-0.006801684,-0.458627068,-0.96245417,-1.191928848,-0.496396327,1.155934801,0.239387613,0.60331431,-0.140469685,-1.167882385,0.353005212,0.942918568,-1.105046691,1.3027988,-0.442624515
-0.633219701,0.296060748,-0.665382127,-0.677793985,-0.965260159,-0.800090799,0.888564422,1.386370341,0.083271221,-0.837388813,0.435501779,-0.43771478,0.507807559,-0.916449332,-1.087136696,1.225981372,-0.97135172
-0.204167695,0.188737217,-0.92177604,0.541829323,-0.80924718,-0.575118761,1.724639806,1.382926332,-0.594010523,-1.077824036,0.711682566,0.37866038,0.072405817,-2.681065042,-0.258620328,1.189431144,-0.546215353
0.732168798,-0.430139667,-0.3884353,1.458407018,-0.550535009,-0.407346417,1.588168308,1.722630898,-1.274721889,-0.67423634,0.4217751,1.095325596,0.135465482,-3.856068937,0.532374601,1.092789864,0.43458016
0.468849714,-0.471812844,0.518406608,0.603385464,-0.346259022,-0.101962484,0.877316771,2.080181695,-1.064005916,-0.6694658,-0.117957931,0.492317845,0.796786263,-1.762314037,-0.037700539,0.692595843,0.391915506
0.720174968,-0.248589563,1.108674487,-0.646677694,-0.170042923,-0.070215646,0.663049021,1.848493788,0.114000634,0.563241773,-0.511456071,0.219896035,1.04118275,1.049562735,-1.10755409,0.042745182,0.857667122
-0.341006391,-0.230229207,1.203158749,-0.55806391,-0.018519526,-0.628693123,0.420849605,1.325004355,1.175948776,1.067328848,-0.9293877,0.018250481,0.049846141,3.47859462,-0.85538136,-0.506747227,1.378890408
-1.64560798,-0.289296406,1.103795018,0.30642782,0.083057269,-1.469065397,-0.886502352,0.799323279,0.774271453,0.352383898,-0.773818668,0.14288791,-0.687318122,3.455577893,0.459928671,-0.781183684,0.996060931
-0.335282063,-0.766303299,0.903884654,0.800906266,0.267691335,-2.254554161,-1.856612243,0.072950382,-0.356955053,-0.067105598,-0.087118658,0.825722967,0.110972119,1.974835146,1.804969295,-0.789856619,0.060680239
0.4102435,-0.637297636,0.602688345,1.146567669,0.562320162,-3.014665596,-1.245302416,-0.493119532,-0.720494981,-0.273510968,0.135436569,0.551669001,0.526607289,-0.249347872,1.244744651,-0.786759142,-0.988132928
0.001635522,-0.234034149,0.049681865,0.842169173,0.725067515,-3.467429376,0.580003865,-0.669703288,-0.184239292,-0.362879087,-0.414545715,-0.349281557,-0.237843439,-3.480129068,-0.047551037,-0.971368768,-1.612570311
0.036799251,0.078484484,-0.683273513,-0.501919298,0.558391778,-2.729875567,2.005081235,-0.922681435,0.424724383,-0.515218335,-0.478237507,-1.041909555,-0.656164284,-4.429952654,-1.085703896,-0.988714638,-1.209140463
-0.283217938,0.124687355,-0.809548255,-1.296737594,0.298557212,-0.749839659,1.916599715,-1.062320363,0.572198127,-0.489139383,-0.183937503,-0.672893739,-0.117632595,-2.88437946,-0.753294389,-0.74401396,0.019394793
-0.665930147,0.139454155,-0.124204664,-0.547917293,0.197541614,1.494845541,0.593501046,-0.669703288,0.549013883,-0.267468284,0.501664373,0.132649835,0.375994596,-1.303897564,-0.511061707,-0.465241036,1.309018058
-0.434776334,0.033247948,0.507908357,0.753555389,0.166114539,2.883750802,-0.724536179,-0.167191003,0.574667455,-0.369875879,1.277130243,-0.286220953,0.066927038,0.939466059,0.007343098,-0.24841765,1.320967437
0.304752314,-0.074498354,0.669226557,1.377910527,0.175654901,3.201571641,-0.469589425,-0.154354241,0.299748959,0.025124845,0.916210088,-0.140810619,-0.085404487,2.157050899,1.335011026,-0.093543804,0.588518633
0.192173865,0.222891104,0.578586725,1.329206767,0.302485596,2.671064614,0.643178171,-0.599257641,-0.200564292,0.163470509,0.477779951,-0.073447056,-0.231182963,2.540663009,2.123050806,0.131952518,0.278336989
-0.206620979,0.155096695,0.26393491,0.997074186,0.504516792,1.398572815,0.670547455,-1.118676881,-0.637909684,0.137391556,-0.067809796,0.178795359,-0.29886199,3.506214692,1.383009813,0.539580483,-0.301354639
0.496108419,-0.183724356,-0.019074288,0.967310777,0.799706818,0.215505892,0.311747391,-1.320307978,-0.649158844,0.373692311,-0.677182846,1.552626259,0.73329689,4.239681048,-1.14158308,0.822689875,-1.002628014
0.812036802,0.07501172,-0.040514378,1.330559649,0.924292722,-0.21983615,-0.049056161,-1.032263553,-0.387684466,0.210857874,-0.775648892,0.728832204,1.919076419,2.908547023,-2.808645414,0.695073825,-1.138271496
0.487113046,-0.082561208,0.082655246,1.070129825,0.769402138,-0.02567944,-1.346906196,-0.389486157,-0.035530883,-0.516490479,-0.595097304,-0.73966379,0.702035625,0.635645267,-1.806402094,0.302313749,-0.161415872
0.312384752,0.519404821,0.351321763,0.004058647,0.608899577,0.677333004,-2.483481321,0.433632096,0.097950003,-0.961422857,-0.06122099,-0.929587491,-1.04590954,-2.615467371,0.297305917,-0.190804579,0.838333386
0.831117895,0.600939299,0.254767423,-0.418040602,0.715527153,1.519014426,-2.18504365,1.213543686,-0.191372905,-0.312947433,0.722297865,-0.444688541,-0.826650977,-6.252877405,1.323548629,-0.955261888,0.769436791
0.562619657,0.027963306,-0.318644108,-0.350396491,0.946740633,2.163920842,-1.252425929,1.193192721,-0.387684466,0.207041442,0.529117732,0.198381241,0.392001223,-7.196563197,-0.581358437,-1.826891898,0.42023593
-0.558258264,0.060063732,-0.825961014,-0.712292481,1.024747122,2.720610828,-0.452155567,0.320292877,-0.273821017,0.231848251,-0.018576773,0.428366973,1.221660157,-4.71996341,-3.520388614,-2.238236835,0.173403165
-1.061181359,0.302462714,-1.110744564,-0.746790978,0.989952861,2.951826495,0.196177778,-0.390112341,0.012346639,0.414718956,0.148888715,0.203277712,0.38308478,-0.546263646,-3.748203751,-2.115576748,-0.47928792
-0.793500883,0.055654831,-1.246778244,-1.626840853,0.937200271,2.321018595,1.395833478,-0.509400304,0.511425226,0.094138659,0.139829107,0.124043917,-1.456710493,3.94199805,-1.016213115,-1.794058642,-0.913370573
-0.904443809,-0.37590414,-0.683273513,-1.576784211,0.723383921,0.961921625,2.577961588,-0.528498901,0.854113052,-0.498998499,-0.28707062,0.177905092,-1.031299464,6.550560402,2.151348598,-1.397581594,-0.66174594
-0.601599604,-0.40779318,0.221794042,-0.09199599,0.336157462,-0.195440682,1.98408562,-0.807776757,0.671245609,-0.010813224,-0.344631162,0.39765275,0.436798294,6.074881385,3.699488564,-0.87163001,0.376470103
-0.539722346,-0.098535926,0.482771699,-0.135288221,-0.086424456,-0.619730494,0.385419504,-0.980916504,0.042801682,0.150431032,-0.217979667,-0.038133118,0.596971992,4.388522547,4.096374053,-0.283728887,0.421950321
0.439682901,0.460579205,0.270588732,-0.376777694,-0.589257655,-0.60512846,0.13037902,-0.936144381,-0.576862413,-0.128168512,-0.053991605,-0.307290614,-0.112690952,1.086005885,1.991949642,0.089826831,0.048125066
1.286338257,0.357422992,0.323375714,-0.510713033,-1.033165089,-0.554273097,0.402290981,-0.603640925,-0.906792045,0.448748809,0.271879761,0.032939892,0.087767881,-1.424351767,-1.996248041,0.094782794,-0.364311531
-0.050156016,-0.342203223,0.370396051,-0.966634336,-1.167852553,-0.938155555,-0.578316718,0.016593864,-0.781816621,0.205769298,0.619073237,-0.361596922,0.181121968,-3.753260891,-3.662235775,-0.238505724,-0.619400533
-0.451131556,-0.565305712,0.119029469,-0.633825313,-1.075254921,-1.923037621,-1.49143851,0.736078742,-0.451475434,-0.692364393,0.479701686,-0.763849386,-0.109468141,-4.962406264,-1.759119707,-0.56002383,-0.10325141
0.30148127,-0.335076505,-0.154664379,-0.450509775,-0.909140382,-2.876097322,-0.637741806,1.185052335,-0.259690975,-0.845657749,-0.004484049,-0.182059673,-0.316157742,-3.464784584,0.959259331,-0.659143092,0.938287614
0.034345967,-0.686580698,-0.296316841,-0.162345865,-0.730118295,-3.515767146,0.529764358,1.472783668,-0.20810946,0.024488773,-0.455085175,0.360558277,-1.871808527,-1.534448443,1.681032129,-0.520376126,0.87348702
0.776873073,-0.26562121,-0.587902075,0.046674436,-0.684100078,-4.424517224,0.592376281,1.715742879,-0.095206306,0.597589662,-0.850322027,0.278802058,-2.006736873,-0.203314419,-0.461361471,-0.001858486,-0.006121458
1.558380126,0.319011194,-0.611264381,-0.031116291,-0.862560968,-4.962677732,0.440907916,1.57234685,-0.096303785,0.515218335,-0.612026875,0.244526765,0.438839407,0.58884459,-2.049261626,0.79109561,-0.776295958
0.809310931,0.210570338,-0.569714964,-0.261782707,-1.116222358,-3.905691825,0.411476562,0.986865247,-0.166268072,0.254428808,0.122075935,0.567990569,2.67149532,1.329983188,-0.367154897,1.382713705,-0.905104346
-0.137929044,0.078212703,-0.890429149,-0.682529073,-1.250909822,-2.055160859,-0.298625132,0.449286685,-0.053502103,-0.425532181,0.499742638,0.689363685,2.518519232,2.69525869,1.495484581,1.685646949,-0.787755454
-0.502923095,-0.292316202,-0.697320469,-0.440363158,-1.056174197,-1.145202337,-1.354779552,0.519732332,0.229647486,-0.654836143,0.108989834,0.924839399,0.864680144,2.664953333,1.318533831,1.776093276,-0.671513914
-0.232244161,-0.18544564,0.273102398,-0.090643108,-0.618439939,-0.886595267,-1.394333791,0.959939355,0.43981472,0.073466318,-1.032246284,0.126566342,-2.014041911,2.088000719,0.697057005,1.548738469,-0.041728981
-1.28879154,0.640679807,1.022026947,0.710263158,-0.116729135,0.072129016,-0.68048288,1.347546962,0.52363468,0.324078694,-1.250042929,-1.078262139,-2.108577696,1.643777894,-0.172652352,1.151641925,0.642268168
-1.808069858,0.660006498,0.892647089,1.606547619,0.281160081,1.060208424,0.042178691,1.247357597,0.399756735,0.743886226,-0.393864185,-1.13731654,-0.58257677,0.669019521,-1.452500593,0.659762588,0.893787282
0.376987881,0.194142651,0.383555831,1.105981203,0.431561083,0.883372749,0.840012062,0.398252727,-0.097401264,0.45510953,0.49608219,-0.397504372,-0.033732087,-1.915758881,-0.911260545,0.172219718,0.450966974
0.117757603,-0.106025019,0.230961529,0.666294486,0.339524649,0.383882458,0.743094803,-0.733260917,-0.692509265,-0.638616307,0.849223893,-0.439940449,-0.196484033,-4.302593434,0.982184125,-0.011770412,0.091081443
-0.605960997,-0.333868587,0.248261465,0.198873684,0.24131504,0.618723457,-0.3887938,-1.652498342,-0.915983432,-0.311039217,0.731906541,-0.523773958,1.338540763,-4.161424177,1.146597879,0.078675914,-0.049184474
-0.449496034,-0.217848045,0.164127591,-0.234725063,0.293506432,1.395350297,-0.797083528,-2.001908753,-0.610472708,-0.199090542,0.14852267,-0.067511941,2.79868892,-3.128740375,-0.14354861,0.278772924,-0.034421533
-0.103583076,0.232373262,0.153777203,-0.414658396,0.438856654,1.945595247,-0.024697967,-1.640287763,-0.435836358,-0.237254863,-0.237013996,0.084130265,0.996063399,-0.275817108,-1.832908887,0.587281627,-0.559654843
1.412546058,0.318165651,0.356349095,-0.720409775,0.517424341,1.812666379,0.542699156,-1.261446726,-0.602104431,0.194956074,0.105329386,0.74812133,-2.17131508,3.653521742,-3.361347859,0.727287585,-0.73125519
1.222007715,0.19740403,0.550049225,-0.632472431,0.43717306,1.224959658,0.10502494,-1.191940354,-0.609786784,-0.376872671,0.578167732,1.547284654,-3.025145094,5.485653183,-3.341288664,0.531527042,-0.575744357
-0.091861834,0.156938771,0.898118009,-0.188727068,0.251977797,0.838660311,0.197864926,-1.356313531,-0.190549796,-0.060426842,0.323400564,-0.178646982,-1.02313501,5.990486721,-1.760910707,0.182131644,-0.489974676
0.795954166,-0.651067904,1.187041715,0.683205514,0.004489582,1.143993893,1.040970092,-1.522252168,0.683729433,0.54034318,-0.239393287,-0.022850195,0.862424177,2.124060257,-0.057222434,-0.299835768,0.023730612
0.731351037,-0.90787131,0.659615482,1.092452381,-0.377686097,1.967347244,0.745719255,-1.400146379,1.270331973,0.390230184,-0.42946204,0.865191486,1.044190707,-2.72249515,0.283157021,-0.81525593,0.952480585
-0.429324593,-0.07721617,-0.225786335,0.894931579,-0.672876122,2.685565945,0.401916059,-1.155934801,1.000900872,0.237572899,-0.457281443,-0.006231871,1.071262318,-3.607488289,-0.052297185,-1.272443526,1.231303566
-1.205107318,0.53861072,-0.876382193,0.825258146,-0.717210746,3.023527521,1.092521825,-0.993127083,0.362991188,0.301498137,0.057286008,-0.963714406,1.287835206,-1.076415583,1.237938853,-1.67077906,0.697508617
-1.043190614,0.443426767,-1.291728503,0.416687719,-0.784554478,3.096436991,0.36020602,-0.663754544,-0.081350633,-0.416309136,0.437515025,-0.573035418,0.649826089,-0.552785052,2.402446727,-1.764942359,0.046824328
-0.66102358,0.350296275,-1.082650652,0.002029323,-0.908017987,2.834204588,-1.562673633,0.14527458,-0.291106312,-1.967370754,-0.036421456,0.455816883,-0.876926825,-1.515267837,4.39439637,-1.649096722,-0.423757392
-0.356271265,0.042126147,-0.724379342,0.171139599,-0.963576566,2.319004521,-1.873108798,1.333457832,-0.380688037,-2.582452397,-0.540373609,-0.340527261,-0.376102023,-1.845557865,5.923193542,-1.561747872,-0.639006292
0.498289115,-0.377474434,-0.828031092,0.232695739,-0.868172945,1.694238842,-0.923994522,2.429592106,-0.322247279,-2.188723817,-0.363940024,-0.59113752,1.381941282,-1.470768832,4.232490015,-1.330056597,-0.311695186
0.740073822,-0.505634554,-1.156582,-0.15355213,-0.640326652,0.969172291,0.028576063,2.726403101,-0.245835302,-1.19867772,-0.063142725,0.009051051,1.133569994,0.869265043,0.564523042,-0.888975881,0.456126996
0.580610402,-0.195229777,-1.031638023,-0.046674436,-0.295190025,0.453065891,1.192813379,2.317192162,-0.109473533,0.874599026,-0.09489711,0.689957196,0.032335535,2.301289052,-1.977263446,-0.276294943,0.38134434
0.044976862,0.164367467,-0.205381283,-0.037880702,0.083057269,0.244206443,2.123556491,1.62557245,-0.012483824,1.95814771,-0.039166792,0.817117049,-0.827832674,1.836351174,-2.945835975,0.513561676,-0.270464032
-0.484387176,0.244422245,0.251366581,0.062232581,0.49497643,0.051333705,1.621161418,0.987804523,-0.009465757,1.869097628,0.162889928,0.105793437,-1.226816654,2.922740671,-3.640743781,1.242707747,-0.318286342
-0.112851036,0.42434166,0.297795468,-0.17181604,0.863122165,-0.486499515,0.310153974,0.611781311,-0.030729413,1.739656972,-0.448130324,-1.132865203,-1.502259552,2.559843615,-4.301264396,1.715382728,-0.486186406
1.313051787,0.448862399,0.341414963,-0.544535088,1.057296593,-1.264838318,-0.679170654,0.108016659,-0.029083194,1.329708556,-0.793951131,-0.421838346,-1.018837929,0.073653525,-3.136398322,1.975570791,-0.441051754
0.667565669,0.348363606,0.330177398,-0.66223584,1.282898095,-1.817902971,-1.346718735,-0.799010187,0.075314498,0.894635295,0.319923139,0.521251533,0.128697579,-2.289013465,-0.926304941,2.017696477,0.365885897
-1.105885634,-0.204107976,0.877269369,-0.424128572,1.610076393,-2.099873297,-1.421140692,-1.693826455,0.17463635,0.606176634,1.361686587,0.225089262,1.838721003,-3.981893709,-1.010840117,1.808307036,0.596423366
-1.352031734,-0.813291316,1.478626949,0.370689724,2.084288506,-2.47489383,-0.98754375,-2.268036755,0.165444963,0.729574606,0.867526132,-0.470061161,2.502620032,-3.027083166,-1.0713759,1.497939847,0.700593959
-0.450313795,-1.025764126,1.180535756,0.68049975,2.563551399,-2.776199264,-0.634929894,-2.422704087,-0.008093908,0.866648126,0.219443847,-1.295042239,0.872200036,-1.972149861,0.355155201,1.205538024,0.797961956
1.308417807,-0.417456526,0.294986076,1.31229574,2.660638612,-2.7826443,-0.995042184,-2.150940434,-0.228824377,-0.399453228,-0.245158492,-0.897983,-2.308821675,0.42350777,3.162188715,0.776847216,0.24679132
1.076173647,-0.159264013,-0.396863473,1.666074437,2.353663434,-2.750016305,-0.995979488,-1.451493428,0.030455043,-1.256878309,-0.606444692,-0.378808757,-2.319994086,4.27650781,5.39449049,0.10469472,-0.790037964
0.420056634,-0.330244833,-0.675141065,0.311839348,1.568547758,-2.9683419,-0.264694718,-0.368822101,0.585093506,-1.00340361,-0.293750937,0.491279199,-0.464299613,5.829369634,4.640837901,-0.690117862,-0.959249479
-0.201986999,-0.016457885,-0.627085689,-1.066747619,0.345136627,-3.100465138,-0.205410225,0.396374176,0.404421021,-0.834208453,0.04749431,1.461818989,0.764665582,2.35537836,1.843654884,-1.458911638,-0.536903961
-0.55035324,0.232614845,-0.374388344,-1.351529324,-0.870978934,-2.21548113,0.168386707,0.302446646,-0.321561355,-0.5228512,-0.083183677,0.389343588,0.825684133,-2.045419774,0.487330964,-1.818218962,-0.068616186
-0.594512341,0.886370367,-0.393314769,-1.408350376,-1.820525555,-0.716909553,0.800457823,-0.031622268,-0.671657164,-0.793181808,-0.271422206,0.139920352,0.291986661,-3.845327798,0.850366562,-1.476257508,0.0143899
-1.152498019,1.118049075,-0.437229989,-0.939576692,-2.549521454,0.053700241,0.917433392,0.23043554,-0.562595186,-1.303629603,-0.138273416,0.729870849,-1.096615097,-2.172395383,0.539359499,-0.898887807,0.331834521
-0.694551786,0.425307994,0.154960104,0.050733083,-3.011948414,-0.090633319,1.416829093,0.941153849,-0.350507364,-1.925390001,0.246988716,0.163215681,-1.555543358,1.087540334,-1.28737044,-0.397716039,0.86262734
-0.52091384,-0.18912979,0.612151557,0.108907018,-3.077608553,-0.271799253,1.150259766,1.491256083,-0.063653784,-1.759057168,0.237380041,0.120631226,0.212060952,1.464247427,-2.335105146,0.191424075,0.864243834
0.373171662,-0.230984156,0.288627981,-0.826611028,-2.82450836,-0.028448792,-0.088083166,1.707602493,0.194528157,-0.593137158,0.009517164,-0.25476484,1.842588375,-0.242826466,-2.210093381,0.686400889,0.032621768
0.568071398,-0.033731115,-0.182758291,-1.101922557,-2.351418643,0.706033555,-0.15474893,1.757070992,0.521714092,0.790955555,0.002196269,0.126121208,-0.022881957,0.54894893,-2.5002353,0.825167856,-0.268756864
-0.099766858,0.655174825,-0.576073059,0.238783709,-1.99786405,1.613273078,1.027097989,1.891074268,0.894994146,1.309672287,-0.322485453,-0.014244278,-1.361315292,-0.027620072,-2.152064997,0.705605246,0.144906487
0.161644117,0.813653692,-1.005022737,0.945664662,-1.963069788,1.992724573,1.715641685,2.19633874,0.939579231,1.974049511,-0.42872995,-1.098886666,0.278021147,-2.556774718,-0.519837604,0.617017406,-0.323267022
1.329679597,0.160834307,-0.592633681,0.501919298,-2.123011152,1.991113314,1.200874195,2.036035756,0.853701497,1.76128342,-0.068541885,-1.178713971,0.818701376,-1.056467753,0.148115659,0.773130244,-0.569128326
0.398794844,-0.125381908,0.605497736,0.923342105,-2.331215523,1.752244167,-0.059085316,0.987491431,0.686061576,0.609356994,0.226307186,0.015431301,-0.603847322,2.52263324,-1.4270684,1.069868534,-1.022134273
-0.775782725,-0.521941449,1.097141196,0.538447118,-2.360397807,1.189914774,-1.236866678,-0.338452199,0.326225641,0.803995032,-0.136443192,0.553597914,-1.338540763,3.09153,-0.816695771,1.247044215,-0.857254272
-1.201836273,-0.858346665,0.504951103,-0.12852381,-2.288003295,0.606437608,-1.312225939,-0.744219128,-0.087386767,2.057692981,-0.330904482,0.852430988,-0.798290241,3.136029005,2.766377825,1.247044215,0.287394733
-1.516946895,-0.960898919,-0.272806672,-0.171139599,-2.30427803,0.255183145,-1.36321529,0.075142024,-0.276701899,2.625705294,-0.377666703,1.194145272,0.310571536,0.194107728,4.901607428,1.059337113,1.198146778
-0.145288894,-1.015134446,-0.525208292,0.056144612,-2.147142656,0.317418024,-2.723431207,0.775215213,-0.39454371,1.844608855,-0.591436856,1.280797961,0.356120596,-2.35537836,3.78688934,0.600910526,1.373357255
0.753158,-0.744077604,-0.13662513,0.010146617,-1.702112827,0.563034318,-3.063860107,0.840025209,-0.528024596,0.410584488,-0.337859333,-0.469764405,0.245255904,-1.975985982,0.541956448,0.048940136,0.46793916
0.892722566,-0.605167012,0.45319916,-1.132362406,-0.928782304,0.480155183,-1.976587186,0.560434262,-0.277799378,-2.01316794,0.401185081,-1.180494506,0.27393892,-1.725870886,-3.809814133,-0.514800667,-0.566588235
0.844747247,-0.36660317,0.979294629,-1.553108772,-0.190807241,0.400095751,-1.630159538,-0.0266128,0.339944128,-3.312663074,0.941833223,0.090658892,0.602558197,-1.971766249,-3.324095069,-0.892073358,-1.115335253
0.612230499,0.627634291,1.022026947,-1.221652632,0.365339746,0.469682,-1.235929374,-0.495624266,0.846705069,-2.124798579,0.727330981,-0.356848829,-0.086908465,-0.981663391,-0.706012002,-0.884019918,-1.148330351
0.435594095,1.76984173,0.327220144,-1.115451379,0.875468516,-0.173210343,0.781711738,-0.953364428,0.56863132,-1.088955296,0.179636477,-1.501584264,-1.411591141,1.589688587,0.109967369,-0.729765566,-0.251301094
0.204440282,1.713794326,-0.100546633,-1.087040852,1.366516562,-1.257184838,3.240823148,-1.634652112,-0.311821228,-0.349203538,-0.090596083,-0.7375865,-0.956530253,1.617692271,0.489032413,-0.73596052,0.501321831
-0.103583076,1.060069002,-0.02084864,-0.921312782,1.906950011,-1.266852392,4.778002106,-2.319696896,-0.746834477,1.089909404,0.443371742,0.192297748,-0.025889914,1.718198644,0.405571836,-0.848089186,0.702310756
-1.136960557,0.875136728,-0.453938473,-0.830669674,2.384529311,-0.693244186,5.646320756,-2.857901642,-0.512111151,0.662469008,1.366811214,0.816078404,1.050636329,1.251726317,-0.914126144,-0.805344004,0.293489145
0.111760688,0.200514419,-1.094183942,-0.242842356,2.712268807,-0.923654224,5.290894987,-3.019456994,-0.089170171,-0.394046616,1.230642555,1.162837537,1.238418773,0.958646665,-2.206869582,-0.700649283,0.02094042
1.433807847,-0.852911033,-0.947652012,0.510036592,2.768949781,-1.202402032,3.509267083,-2.434914666,0.104260507,-0.449384881,1.102892927,0.291117423,0.93676368,2.139404741,-0.613238228,-0.79109561,-0.125708603
0.233879683,-1.168298472,-0.231257255,0.500566416,2.480494129,-0.269180957,2.014079356,-1.421436619,0.192196014,-0.73243693,0.705551316,-1.70456522,0.334098055,-1.305815625,2.367701337,-0.769413271,-0.25590728
0.500742398,-1.330159509,0.4554171,0.194815038,2.043321069,1.260004541,-0.115335287,-0.675025848,0.406478794,0.657380432,-0.356527617,-0.457300662,-0.694408306,-5.034525341,4.294100398,-0.448514661,-0.205719448
0.363358529,-1.149938115,0.952975069,0.458627068,1.64094227,1.890409626,-3.58575111,-0.369135192,0.645592037,1.40508309,-1.151942927,2.247628303,-0.504584748,-4.322541263,3.530418212,-0.068144493,-0.150204929
-1.384742179,-0.424824827,0.884218916,1.049160151,1.354170211,1.353860378,-5.808286929,-0.332503456,0.576039304,0.772509467,-0.948055984,1.15067055,0.132457525,-1.049946347,1.211073861,0.178414672,-0.616130231
-1.478784709,0.03188904,0.315095403,1.043072181,1.147649433,0.632821974,-5.739301337,-0.244524669,0.098910297,1.065738668,-0.773818668,0.062021959,-0.289408412,0.847782765,0.07146088,0.382228654,-0.268023804
-0.939607538,0.457076243,-0.175808744,0.390306516,1.027553111,0.664644339,-5.281896866,0.03005681,-0.46793762,-0.432210937,-1.05567315,0.272866943,-0.582684197,2.287095404,-0.10647492,0.662860065,0.548771492
0.851289336,0.520733531,-0.795797024,-0.015558145,0.965260159,0.973603253,-5.542842368,0.054164876,-0.646826701,-2.145152884,-1.210144048,-0.515019662,0.190575547,4.406935928,-0.89406695,0.832601801,0.573536472
1.470061924,0.412745645,-1.025279927,0.027057644,0.824960717,0.982465178,-4.773503045,-0.229809356,-0.523497495,-1.067646884,-1.2064836,-1.458851431,0.207978725,3.5476448,-2.192541586,0.898887807,0.047044635
0.353000221,0.570862136,-0.450537631,-0.238107268,0.724506317,1.182664109,-1.571671754,-0.456487795,-0.294124379,0.900996015,-0.945859715,-1.166250229,0.103452227,0.304204404,-3.513224616,0.930482072,-0.155550915
-0.322197885,0.709047977,0.006358096,-0.689969925,0.643693838,1.250336987,1.640657346,-0.529125085,0.317308623,1.257514381,-0.447398234,0.009644563,1.319633606,-2.814178444,-3.137831121,0.986236657,0.334760259
-0.850744162,0.770289429,-0.103503886,-0.151522807,0.604409995,0.56172517,2.495478815,-0.262683992,1.107630707,1.142385346,0.419670342,0.527780161,1.3458458,-4.517416216,-1.129046084,1.103940781,0.514055183
-0.122936756,0.631741213,-0.160726749,0.241489474,0.527525901,-0.570486391,3.540760506,0.584229236,1.706579886,0.65674436,1.445144797,-0.60523342,-0.447326142,-2.251419478,0.585477736,1.156597888,0.302723784
-0.224884311,0.132025458,0.127753368,0.076437845,0.266568939,-1.402600963,5.761796639,1.828455915,1.534824418,0.278599544,1.716750025,-0.437863158,-1.549097736,-1.473454117,2.257017568,1.014113949,-0.56460142
-0.355998678,-0.483650443,0.313321051,0.167080952,-0.023009108,-1.723241505,5.902767197,2.909248692,0.784697504,1.253379913,1.470401887,0.707020654,-0.276409742,-2.999463094,3.573402199,0.889595376,-1.267759141
0.048247907,-0.90980398,0.453938473,0.789406767,-0.149278606,-2.066439672,3.398290261,2.925529464,-0.483165141,0.043888969,1.064458225,1.844040438,0.981883031,-0.168405717,3.046131947,0.920570146,-0.89975816
-0.146651829,-1.24125673,0.738722024,1.147920552,-0.24131504,-2.655757653,1.457320636,2.156576086,-1.968877373,-2.383361855,0.425161014,1.490901056,0.850822058,3.6458495,1.652017937,0.802866022,0.100029214
-0.149922874,-0.907992102,0.997333877,0.87734411,-0.445591027,-2.688385648,0.575879726,1.418931885,-2.812838744,-3.231245856,-0.64231708,0.234733825,0.084115363,3.211600591,0.194233896,0.235408247,0.982962073
0.126207801,-0.249918273,0.84932332,-0.141376191,-0.650989409,-1.628982853,-0.06991118,0.726685989,-2.878687485,-2.988266345,-1.548003381,-1.847007996,0.004941643,2.864048019,-2.383103933,-0.459665578,1.427688953
-0.128388497,-0.289054823,0.072748446,-1.494934837,-0.838990661,-0.00327287,0.329931093,0.218851145,-1.918942077,-0.568648385,-1.198796659,-1.342523164,0.0755212,1.589688587,-2.99884956,-0.840035745,0.830118515
-0.822940283,-0.088932977,-0.676176104,-1.616017795,-1.066836955,1.127075673,1.964589692,0.04602449,-0.59112964,1.718348559,-0.270141049,-0.220934681,-0.507914986,-2.122525809,-1.043794508,-1.076063488,0.400251143
-0.70981666,0.536557259,-1.138986339,-0.867197494,-1.144282246,1.044498649,3.140344134,-0.249534138,0.688119349,1.395223973,1.037004866,-0.96697872,-0.736304846,-2.221114121,1.558885964,-1.499178838,0.484905728
-0.230608639,1.001605762,-1.218388606,-0.34363208,-0.874907318,0.410266824,1.925597835,-1.107092485,1.662131985,0.023852701,1.704670548,-1.675483153,-0.850070069,-0.01457726,1.906698066,-1.955746938,0.145916987
0.952964303,1.004504766,-0.687561531,-0.601356141,-0.333912671,0.164776409,-0.332930467,-2.032904838,1.920588296,0.426486289,1.240525765,-0.081311085,-0.553141765,0.314561931,0.28584352,-2.368950362,-0.826756736
1.880305424,0.387016988,-0.140765286,-0.179256892,0.184634065,0.439470893,-2.284022978,-2.393899645,1.754320223,2.576091677,0.235641328,1.819706464,-0.003115384,0.870415879,-1.197820465,-2.780914795,-0.967214394
2.299544296,-0.412141686,0.080585169,0.802259148,0.543239438,1.225765287,-4.073149316,-2.081434062,1.658290808,1.56282895,-0.654579581,1.764509888,-0.046408476,-0.490256277,-0.628282624,-2.846581306,-0.674535864
2.210135746,-0.415886232,0.209669301,0.52762406,0.713282362,2.218703648,-5.604329526,-1.407973673,1.572138705,-0.884458142,-0.121343845,1.128859,1.110365756,-3.920515771,1.230416655,-2.484176504,-0.716536226
-0.30611525,-0.119100733,0.291437372,0.075084962,0.796339631,2.694427869,-6.756088979,-0.799010187,0.952611795,-1.013262726,0.912915685,-0.382814961,2.515511276,-3.11876646,1.909205465,-1.999111615,-0.452751577
-1.178938962,-0.229746039,0.067868977,0.474861654,0.89960002,2.295641266,-6.604620613,-0.477778035,-0.445576485,-0.5228512,0.957573148,-1.140877609,1.648790018,0.621451619,0.554224795,-1.484310948,0.941263022
-2.031591233,0.080296362,-0.23539741,0.482978947,1.02025754,1.221334325,-5.07943915,-0.280217131,-1.806450477,0.345387106,0.492879298,0.613394204,0.6689481,2.821850686,-1.7841937,-0.868532533,1.417816663
-1.914106217,0.244724225,-0.196805247,-0.2699,1.064030966,-0.023136672,-2.757924003,0.376336303,-2.263001752,2.020800804,-0.340055602,1.445794177,-0.223125936,3.147153756,-3.195143105,-0.214964899,1.018699072
-0.747978847,-0.027268753,0.267483615,-0.265841353,1.079183306,-1.015093172,0.170261316,1.80810495,-2.012776534,2.30003642,-1.085688822,0.306548724,-1.152047443,2.659199151,-3.059027143,0.27939242,0.603713839
-1.338129795,-0.536194884,0.815019174,0.661559399,1.106681996,-1.475913247,2.191042397,3.201050218,-1.539214334,1.320167475,-1.13144442,-2.178780961,-1.577028764,0.295764937,-1.522349574,0.646753185,-0.180929192
-0.338553108,-0.908354478,0.939963152,0.916577694,1.170097344,-1.426367033,3.810704128,3.44776653,-0.852055279,0.502178859,-0.964161955,-1.480811359,-1.269357757,-1.038821596,0.662042965,0.827645838,-1.103359394
0.917800574,-0.511190977,0.695546117,0.899666667,1.046633835,-1.154869891,5.28489624,2.75645991,0.038137396,-2.366505946,-1.481749276,0.372725264,0.150182984,-0.726177726,2.453669313,0.82330937,-1.723764569
0.483296828,-0.059973138,0.387104535,1.524698246,0.843480243,-0.664644339,4.746508683,1.741729496,0.562183631,-4.100120234,-1.95980376,0.172860244,2.395193005,-0.095903028,2.076126619,0.960217851,-1.623417954
-0.6416699,0.705182638,0.13056276,1.540256391,0.735730272,-0.067672878,2.900394248,0.194429987,0.704307165,-2.226888138,-1.386211588,-0.811627067,1.000790188,0.302669955,2.211884381,1.251380683,-0.195850889
-1.630343105,1.589137169,0.195030895,0.36189599,0.666141749,0.038217049,1.185502406,-1.454311254,0.74916662,-1.499221749,-0.487388627,0.39483357,-2.455781848,-0.672855642,1.913503864,1.322622652,1.467832494
-1.775904586,1.784336748,0.273398123,-0.056144612,0.540433449,-0.363439609,0.2717245,-1.928019097,1.07059079,-1.508444793,0.080621363,1.709906824,-2.290344226,-2.382231208,0.029730592,1.300320818,1.854907625
-0.343459674,1.222896374,-0.08502105,0.112289223,0.352432198,-0.902305042,0.474275947,-0.93238728,1.265393317,-1.01771523,0.153281252,1.497429683,0.642091343,-2.741292143,-2.595158273,1.406874025,1.117989289
0.526092993,0.440165388,-0.437969302,0.287487469,0.102137994,-1.628177223,0.3125441,0.271450561,0.778661369,-1.801673994,0.278743101,1.160166735,2.307102842,-0.693187084,-3.666534173,1.395723108,-0.680408444
0.324651168,0.28820928,-0.224307708,0.335514787,-0.141983035,-2.048313009,-0.717225206,0.750480964,-0.405655685,-0.775371791,0.552270064,0.469912783,0.741783625,2.183520134,-3.222366298,1.317047194,-0.920993653
-0.187539886,0.3838764,0.196361659,-0.246224561,-0.099893202,-1.56936627,-1.799624145,0.415159682,-1.504643745,1.542474646,1.060431732,-1.419086156,-0.867902955,2.73170184,-1.261938247,1.687505436,0.126635609
-0.236605553,-0.408155556,0.063876684,-1.380616291,0.182950472,-0.835840608,-2.580960962,-0.368822101,-1.522752149,1.664282437,1.68343995,-2.203708447,-0.503617905,2.650759685,0.201129244,2.160180416,0.160692682
-0.419784047,-1.229660716,-0.555520145,-2.526507519,0.332790276,-0.769376174,-2.477482573,-1.124312533,-1.008857595,2.730021105,1.864632117,-1.813771348,-0.16479306,1.651833749,-0.258351678,2.209120552,-0.068732298
-0.757246806,-1.621026209,-1.144309396,-2.24443158,0.213255151,-0.694251223,-1.488439137,-1.871036395,-0.521576907,4.385080498,1.382917185,-0.383705228,-1.394832525,-0.58884459,-1.394830409,1.709187774,0.102805741
0.352455047,-1.738435857,-1.1664888,-1.307560652,-0.092597632,-0.010901174,-0.222890949,-2.621204267,-0.034159035,3.62942694,0.637100942,0.92261373,-0.449796964,-2.50805598,0.663744414,0.812158453,-0.628164667
3.440048485,-1.857295007,-0.899153048,-1.332588973,-0.370951724,0.668571783,1.4316385,-2.736422037,0.541194345,1.987407023,-0.404662506,1.060308414,2.79181359,-3.587540459,4.788416259,-0.148678893,-1.124481746
4.997065676,-1.719592333,-0.691110236,-1.149949875,-0.415847545,1.127881303,3.315807488,-1.856321082,0.928330071,0.837070777,-0.912915685,0.607459089,3.042763127,-2.894736987,4.385799572,-1.052522663,-0.41768581
4.156407235,-1.119981744,-0.332395338,-0.426834336,-0.324372309,1.630191297,4.932469845,-0.440833207,0.826538892,-0.384187499,-0.748927623,0.379699025,0.757682825,0.162267923,0.452227373,-1.900611849,0.314399574
3.202352583,-0.307656763,0.096702202,0.367307519,-0.426510303,2.035020122,5.604329526,0.971523751,0.346940557,-1.560602698,-0.225026029,-1.017872337,-1.984392052,2.536826888,-2.39241713,-2.336736602,0.893829008
1.5442056,0.56651363,0.460592295,0.900343108,-0.913629964,1.856170372,4.175128017,1.917687068,-0.086014919,-2.668958191,0.42717426,-1.954433589,-2.875176964,2.743210204,-1.626585745,-2.031325376,1.607985229
0.106854121,1.430658302,0.540881738,0.810376441,-1.415340768,1.158092409,1.627160165,2.096462467,-0.627483633,-3.933469365,0.64076139,-0.827058368,-1.867941154,1.233696548,-0.062505882,-1.258814627,1.255912473
-0.102765315,2.213872456,0.321601361,0.902372431,-1.812668787,0.269986587,-1.489938824,1.892326635,-1.121623565,-3.787172801,0.383431909,0.820232985,-0.445070175,-0.218658903,0.851799362,-0.512942181,-0.140308847
0.071690392,1.946680953,-0.043028044,1.831802507,-2.000108841,-0.367971275,-4.134636474,1.690382446,-1.099673984,-1.42257507,-0.11255877,1.518796099,0.514253181,-0.592680711,0.054625485,0.086109859,-0.630940672
-0.077959894,1.240773563,-0.383703693,1.71139599,-1.821086753,-0.543497803,-4.707516827,1.630581919,-0.501273545,1.926662145,-0.275814743,0.808511132,0.443995905,-1.226024306,-1.794223298,0.654187129,-1.104225216
0.014447113,0.749030069,-0.074670661,1.333941855,-1.369322551,-0.446922966,-3.980168735,1.948370061,0.647512625,4.042873752,0.136992259,0.749456731,-0.036417762,-0.586926529,-2.656410456,1.048805691,-1.907528543
0.160826355,0.197917395,0.739461337,1.167537344,-0.721700328,-0.390831012,-2.300519532,2.264905837,1.652803413,3.218524416,0.335205509,1.104525026,-0.451730651,0.386297395,-2.380954733,1.22350339,-1.686794637
-0.564527766,-0.757847871,1.04464994,0.664265163,-0.115045542,-0.253169071,-0.665298551,1.792763454,1.686825263,0.783322691,0.06964002,0.892047885,-0.012568962,0.766073385,-0.650491018,1.143588485,-0.276232297
-1.116789116,-1.123847083,0.85701218,-0.064938346,0.312025958,0.555380838,-0.472401338,0.481222045,1.047132176,-1.252425805,-0.453620996,-0.114844488,0.256106034,-0.843563031,2.43038632,0.657904102,1.341851868
-2.343158223,-1.006437435,0.831579796,-0.143405514,0.528648296,1.427978292,-0.874692319,-0.923307619,0.313604632,-2.074230854,-0.711225011,-1.472502197,-0.048342162,-2.052708404,5.092169774,-0.089826831,1.945716965
-4.710304106,-0.944471232,0.512344238,0.714998246,0.594869633,1.29464661,-1.468755748,-2.05450817,-0.361207784,-0.974144297,-0.720101596,-1.65530376,0.691615203,-0.859291128,4.445977155,-0.968271291,1.486448457
-6.77869459,-0.786354741,-0.293507449,-0.144758396,0.618439939,0.80039291,-2.541969105,-3.412700252,-1.494766434,-0.667557584,-0.66446279,-1.165063205,0.994344566,0.437317806,1.154836477,-1.95017148,0.827425561
-6.066697233,0.140571479,-0.456452139,-1.313648622,0.650428212,0.842285644,-2.078565888,-4.489735928,-2.710224455,-2.217665094,-0.228320432,-0.226573041,-0.777449398,1.58853775,-1.889504471,-2.852776259,-0.106072351
-5.145353027,0.817277446,-0.114297863,-1.336647619,0.654356596,0.932113334,0.608872836,-4.319414007,-2.750282439,-0.745794442,0.389380136,-0.428366973,-1.649219726,0.800598475,-2.8555696,-3.30934436,-1.116997887
-2.759671225,0.629929335,-0.070678368,-1.970472933,0.604971193,0.535038693,3.213828786,-3.145946067,-0.965232803,-0.101135451,0.177989275,-1.733053775,-0.431319515,1.713211686,-1.395905009,-3.0218985,-2.147172102
1.947907011,0.155610061,-0.238206802,-2.169346617,0.616195148,-0.321647579,4.24861267,-1.710107227,0.988691418,-1.770824501,-0.436965958,0.980481108,0.693871171,2.357680032,-0.407094186,-2.178145782,-2.197461962
4.649244609,-0.380011062,-0.602096894,-1.066747619,0.504516792,-1.302702905,4.328096069,-0.542588031,2.463291674,-1.026620238,-0.731448985,4.434124915,1.078567356,0.044882617,0.219576539,-1.15907587,-0.996485818
5.988192165,-0.42035553,-0.966578437,-0.406541103,0.250294204,-1.906925031,3.785209452,0.366630458,3.037273205,1.112171925,-1.206117555,2.207269517,0.641446781,-1.279730001,0.121877516,-0.185848616,1.209685313
5.11373293,0.171162007,-0.630782257,-0.510036592,0.106627576,-1.952443098,1.762131976,1.041030123,3.123425308,3.513661832,-1.291405989,-1.760948818,-0.02889787,-2.270600083,-1.18026867,0.528429566,2.112753093
1.987159545,0.940968269,0.276059651,-1.031572682,0.163869748,-1.570574714,-0.639803876,1.645923415,2.261904273,4.480491301,-0.773086579,-1.892708386,-0.524351321,-3.093831673,-2.418923923,0.997387574,0.774360097
0.045522036,1.002088929,0.804964511,-0.955134837,0.214938745,-1.154064261,-2.27352517,2.124953818,0.566299177,1.995675959,-0.580364001,-1.216698712,-0.118814292,-1.743900655,-1.270893244,1.307754763,-1.132563815
-0.760517851,0.513002855,0.682829925,0.273958647,0.051068997,-1.076321015,-2.828409282,2.118065799,-1.70164123,-0.240753259,-0.596561483,-0.635650888,-0.6729229,0.160349862,1.030541111,1.277399489,-1.224344897
-1.624073603,-0.352470527,0.244860623,0.572945614,-0.125147102,-0.81539776,-2.80591398,1.592384723,-3.192566487,-2.633338158,0.125827894,0.293936603,-2.17131508,1.969848188,1.732971115,0.974466245,0.459086757
-2.753129136,-0.783214153,-0.262899872,0.686587719,-0.306975178,-0.150451309,-2.219536446,1.185678519,-3.43730431,-3.128202189,1.261024272,0.091400781,-1.531049996,2.991023627,1.548139967,0.626309837,1.887247138
-1.61889445,-0.998706758,-0.732807516,1.335294737,-0.579156095,0.433630079,-1.436325021,1.509415405,-2.368908478,-1.530707313,1.170611211,-0.051487128,0.296606023,2.801902857,1.361876019,0.35992682,1.449306403
0.235787792,-0.72257666,-0.874459978,1.375204762,-0.882764087,1.042484575,-0.760528662,1.809983501,-0.70389561,-0.74515837,0.685784898,0.440088827,1.558551315,1.029614905,1.304922235,0.464621541,0.104257616
1.365115912,-0.158267481,-0.310511659,1.868330326,-1.160556982,1.550031162,0.118850178,1.364453917,0.954120828,0.493591887,0.279749724,1.04369009,1.578747596,-0.358677324,0.862903558,0.83136281,-0.779410588
2.826182464,0.11620173,0.37364903,2.167993735,-1.403555615,1.474704803,0.511580655,0.613659862,1.67859417,-0.445250413,0.251289743,1.242813221,0.18251852,-1.632269531,0.098146773,0.973846749,-1.903337053
2.490355227,-0.033278146,0.727336596,1.58828371,-1.637575083,1.250739802,0.268818857,-0.019724781,1.596283243,0.366059447,0.298967075,0.810143289,-1.381511574,-2.037747532,-0.278679522,0.956500878,-2.796479583
0.298755399,-0.350900234,0.917635885,0.965957895,-1.864298981,1.125061599,0.085880501,-0.321545244,1.653352153,2.167415404,0.265565489,-0.608646112,-0.698705387,-0.813641287,-0.381482893,0.981280694,-2.240082603
-1.611807186,-0.89192679,0.669818008,0.549270176,-2.090461681,0.762528324,0.338132505,-0.023794974,2.004545441,1.980092195,0.125187315,-1.883805713,-0.235694898,-0.150375947,-1.021586114,0.810299967,0.504351403
-3.718087269,-0.588980909,-0.19754456,0.354455138,-2.14602026,0.032577643,0.842261592,0.83313719,2.20922528,2.652420319,-0.311961665,0.238740028,-0.336783731,-0.049869574,-0.659446015,0.3357665,3.045720599
-3.438958137,0.04768257,-0.743601493,0.266517795,-1.946795053,-0.631512826,0.529951819,1.713864328,1.619879043,0.94520302,-0.250557653,2.058891625,0.532945483,0.9851159,1.528797172,-0.120182105,3.386572983
-1.326953726,0.821263576,-0.581691842,0.168433835,-1.690888871,-0.973603253,-0.663423943,1.960267549,0.41704203,-2.218937238,0.127932651,0.227760064,1.826259467,1.076031971,2.637784061,-0.323376592,1.795722031
-0.187539886,1.572226314,-0.184680506,-0.578357143,-1.448451436,-1.139160116,-0.901311759,1.207594942,-1.005427973,-3.271954465,0.496722769,-1.608416346,1.08458327,0.951741647,2.025978633,-0.437363744,0.212467559
0.284308286,2.106609321,0.344372216,-1.651192732,-1.296928039,-1.077529459,-0.105915379,-0.594874356,-1.911259724,-3.782084224,0.706283406,-1.989450772,-1.19587767,0.082476604,1.39232301,-0.720473136,-0.249725925
-0.189720582,1.864542516,0.249592229,-1.618723559,-1.118467149,-0.802406984,0.431909795,-2.780254884,-1.899736194,-1.955921458,0.546138814,-1.924758011,-1.562848396,-0.842412195,0.007611748,-1.068629543,-1.108418311
0.587152491,1.509414568,-0.495635753,-0.647354136,-0.710476373,-0.494253699,1.345219049,-3.812205346,-1.736760559,0.367967663,0.430102618,-0.95852118,0.1152692,-1.20492564,-3.069056741,-1.097126331,-2.711919163
2.183694803,0.755311243,-1.063280639,-0.618943609,-0.213816349,-0.348233352,2.420494475,-3.370119772,-1.82510762,1.162103579,0.294940583,1.360922022,1.097904221,-1.483811644,-4.656598696,-0.947827943,-2.403192845
2.892693702,-0.216911909,-0.760605703,-1.147920552,0.235703062,-0.302211767,2.18954271,-2.670046583,-1.530983241,2.135611803,0.086386568,2.12536492,1.099193345,-1.200322294,-3.470240628,-0.998007069,-0.864085756
2.137627593,-1.031078966,0.224307708,-0.293575439,0.546045427,-0.01228585,1.061778246,-2.442115777,-0.350918919,1.838566171,-0.557394691,3.684519806,-0.327974715,0.961331949,-0.566045392,-1.063054085,0.393964269
1.422359191,-1.784819915,1.104977919,0.172492481,0.788482862,0.470084814,0.255321676,-2.262088011,1.658839548,1.664918509,-1.355097781,3.972372916,-2.600163773,2.216510776,2.283524361,-0.981900189,0.668874724
1.519945353,-2.108058823,1.44136555,-0.526947619,1.011278376,0.851953198,0.09108254,-1.482489513,2.890211015,1.653469213,-1.317395169,1.067727309,-2.272726194,0.748427228,2.591576274,-0.769413271,1.363706436
0.387618775,-1.770808064,1.208333943,-0.973398747,1.205452803,1.171385296,-0.058194877,-0.091109704,2.967583287,0.740705866,-0.046121642,-2.219139748,0.016114054,0.149225111,0.762965786,-0.274436457,1.86528023
0.302844205,-1.703164646,0.878895859,-1.369116792,1.432176701,1.312370459,-0.785273494,1.385744157,1.9831446,0.553700692,1.497855246,-4.032911096,1.895012765,-0.815559347,-1.340384025,0.40824746,1.163462967
1.554836494,-1.551450121,0.702199938,-1.782422306,1.653849819,0.735439032,-1.224681723,2.564847749,0.914748768,-1.384728785,1.495658977,-2.984176157,2.11674215,-1.349931018,-2.473370307,1.027123352,0.108947536
1.149226974,-1.183276657,0.380007126,-1.23247569,1.76159979,-0.38368105,-0.627993842,3.241125964,-0.078881305,-3.050601403,1.085322777,-1.21966627,1.390105736,0.149225111,-1.712195521,1.535729066,-0.120317681
0.710089248,-0.104515121,-0.311398836,-0.096054637,1.695378453,-1.077529459,-0.311325604,3.291220647,-0.639418718,-1.483637984,0.844465311,-0.735954343,0.390497245,0.905324581,1.653450737,1.732728599,-0.22156723
1.520763114,1.345620862,-1.121242816,0.894931579,1.538804276,-0.729195403,-0.927181357,2.708869962,-1.112157808,-0.374964455,0.40576064,-0.987009735,-0.378465418,0.714669362,4.635106702,1.457053151,-0.772819433
0.650392685,1.710412155,-1.245003891,1.504405013,1.470338149,0.381364865,-1.672150768,1.535715113,-1.787793334,0.011449296,-1.218929122,0.180724272,-0.867688101,0.14001842,3.528985412,1.040132756,-0.98257811
-1.729837376,1.816225788,-0.499775909,1.461789223,1.629718315,1.047318352,-2.309517653,0.077646758,-1.65609585,0.531756208,-2.503380261,2.358614966,-1.413309974,-0.425425831,0.622193226,0.822689875,-0.703784418
-2.342067875,1.756313046,0.231405118,0.532359148,1.993935665,0.617112198,-2.579461275,-0.984673605,-1.036020201,0.053748086,-2.729961981,1.915855337,-0.276517169,-0.79599513,-0.919140943,0.800388041,-0.164519589
-1.432172325,1.055237329,0.073635622,0.461332832,2.343000676,-0.278143586,-1.47156766,-1.335023291,-0.535295395,-1.818529902,-2.459088842,0.748863219,2.645712833,0.259321787,0.193338396,0.671533,0.258974285
-1.460521377,0.282411272,-0.48173666,1.162802256,2.461413405,-0.928890816,0.951363806,-1.315611602,-0.415670181,-1.337659456,-1.57472465,1.201415789,2.598874649,1.351849078,1.200327864,0.304791731,0.798426963
-1.240271047,-0.106538384,-0.975893787,0.704175188,2.373305356,-0.87330238,2.796915859,-1.135583836,-0.09534349,0.907038699,-0.386268756,1.924758011,-0.215068909,0.016111709,0.201935193,-0.060710548,1.325330246
-1.892026667,-0.490656368,-1.411793011,0.273958647,1.873839343,-0.211679152,2.871900199,-0.939901482,0.894445406,2.62443315,0.749385179,1.106008805,-3.057373202,-0.435016134,-1.904907067,-0.201955496,1.518432494
-3.335375061,-0.817156655,-1.359745343,0.801582707,0.973116928,0.379753606,2.549467539,-1.177851225,1.797121905,3.577269034,1.798011967,-1.482591894,-2.052285933,-0.709298793,-2.100484212,-0.06442752,0.422960981
-2.430386077,-0.587531407,-0.608011402,0.206990977,0.030304679,0.300701212,2.906392995,-1.796520555,1.522752149,1.992177563,2.533395933,-2.362769547,0.6053513,-1.762314037,-0.911260545,0.208769946,0.280232247
-0.748524021,-0.240496511,0.132337112,-1.580842858,-0.748637821,-0.055915723,1.813121326,-2.153132077,0.467526065,-1.284547442,3.210944824,-1.78409577,1.298577908,-0.462636206,0.370289146,0.516039658,1.107366727
0.713360292,-0.365153668,0.204346244,-2.075321304,-1.455747007,-0.122455684,-1.6571539,-2.140921498,-0.458609048,-4.059411625,3.386646319,-2.359208478,-0.253850066,1.529461485,1.17883587,0.813397444,0.229199738
2.602661088,-0.333264628,0.364481543,-1.79730401,-2.130306723,-0.088644421,-3.956173746,-1.920817986,-0.284109883,-3.559459018,2.232141078,-1.732460263,-0.966843247,1.009667075,0.247695231,0.904463266,-2.205058963
2.732412521,0.006401966,1.022026947,-1.227064161,-2.490595689,-0.323560949,-3.513766144,-1.193192721,0.61362796,-2.183635241,0.775282847,0.242449475,0.365681602,0.675157315,-1.495484581,0.709941714,-2.123255691
1.234546719,0.430864418,1.488090162,0.345661404,-2.601151649,-0.731914402,-1.61516267,0.323110703,1.223689114,-1.057151695,0.011347388,1.309880028,0.792274328,0.464937878,-1.721508718,0.482586907,0.491851558
-0.529091451,0.849166486,1.44905441,1.785128071,-2.552888641,-1.136743227,0.74909355,1.922383445,0.708011157,1.818529902,-0.63389805,0.385040629,-0.169090141,0.413917467,-0.618790327,0.299216272,1.231303566
-1.673139271,0.449466358,1.0337081,1.786480953,-2.47768814,-1.411060073,1.94209439,2.910501059,-0.553266614,3.294853058,-1.13913136,0.345868865,-0.378357991,0.382077662,0.546344397,0.029735779,0.053988298
-0.786141033,-0.692499497,0.514414316,1.051189474,-2.46029101,-1.15648115,2.117557744,3.148450801,-1.668716859,3.649781244,-1.459786589,0.520954778,0.484603321,0.134264239,0.338857105,-0.17593669,0.541394357
-0.520368665,-1.687220126,0.429984717,1.016690978,-2.183620511,-0.180536536,2.661944048,2.835359035,-1.826753839,2.346469678,-2.033012717,0.410413248,1.158063356,-1.346862121,-0.554045695,-0.195760542,1.090623234
-0.886725652,-1.965041309,0.571045728,1.198653634,-1.492224862,1.044498649,2.859902704,2.474364229,-1.259905922,0.894953331,-2.949954894,0.688918551,1.027432091,-2.071505398,-0.689624357,-0.215584395,0.584790144
0.314565448,-1.864542516,0.114445726,0.816464411,-0.574666513,1.824348007,1.486751989,2.395778195,-0.36614644,-0.254746844,-3.421786618,0.095406984,0.175320909,-0.763004488,-0.401542088,-0.231691275,0.049707778
1.183845529,-1.406016771,-0.710628112,0.512065915,0.232897073,1.834418376,-0.515517333,2.088948264,0.65917334,-2.058647089,-2.581347799,-0.746637551,-0.968132372,-0.504066313,-0.063580482,-0.162927287,-0.714702274
0.127843323,-0.230712374,-1.405287053,0.169786717,0.844041441,1.511360946,-2.261527676,1.310602134,1.03121873,-2.057374945,-0.66986195,-1.110163386,-1.100052761,0.974374761,1.024809913,-0.27939242,-1.270217784
0.707635964,0.740937017,-1.669665551,-0.295604762,1.277286117,1.263227059,-3.821201935,0.559181895,0.387821651,-1.373915561,1.313368676,-0.0436231,-0.575379159,2.370722844,1.969741248,-0.740296988,-0.687985785
2.245026888,1.382824742,-1.267479021,-0.866521053,1.433299096,0.744603067,-3.938177505,-0.092988255,-0.894994146,-1.505582469,2.803170937,-0.325392716,0.815800847,2.248350581,1.854042681,-1.431653841,-0.113762233
2.077385856,2.017223375,-0.6825342,-1.285238096,1.401872021,-0.454072928,-2.141552733,-0.575462666,-1.702738709,-0.545749792,3.196303032,-1.05986328,2.316126713,1.10326843,1.565691762,-2.060441659,-0.093057145
0.942060821,2.811550376,-0.304153563,-1.028866918,1.204330407,-1.281353723,-0.405852737,-0.616477688,-0.995413477,-0.446522557,2.05241309,0.399136529,1.461437282,-0.900337624,0.719444499,-2.267972614,0.173283282
-1.792532396,3.594764529,0.321453499,-0.745438095,0.858632583,-0.665852783,0.794833998,-0.438328473,0.836416203,-0.177146057,0.314981535,2.634004333,0.302299655,-2.029308066,-0.889052151,-1.991677671,-0.27105113
-4.093167041,3.71507318,1.0622456,-0.658853634,0.543800636,0.312584247,1.549176452,-0.412028764,2.180142085,0.231212179,-1.02272912,2.645874564,-0.440665667,-2.147076984,-1.843296684,-1.561128377,-0.702078052
-2.581944473,3.137688286,1.170776818,0.321985965,0.424826709,0.075729173,1.206498021,-0.609276577,1.383921052,0.180644453,-1.336795542,2.667240981,-1.020127053,-1.093294516,-2.764228626,-1.188192153,0.064700491
1.188752095,1.167332137,0.569123513,0.854345113,0.512373561,-1.033622651,0.214174019,-0.869768927,-0.034844959,0.410584488,-1.127417927,1.839292345,-0.981023615,-0.041046496,-3.136398322,-0.781803179,0.687791999
3.154377264,-0.875136728,-0.149932773,0.1102599,0.706547988,-1.496859615,-0.373609471,-1.211978227,-0.534060731,1.055243479,-0.829457475,-1.190287447,-0.443243915,0.134647851,-2.095827613,-0.406388974,-0.275346334
2.904687532,-1.921073087,-0.662277011,-0.329426817,0.943373446,-1.163329001,-0.048974147,-1.53508893,-0.288225429,1.047292579,-0.50605691,-4.725539094,0.069183006,1.152370781,-0.592104434,-0.117084628,-0.718072879
1.776177173,-3.326123524,-0.960663929,-0.566181203,1.254277009,-1.001800286,1.287106186,-1.443353042,-0.36079623,-0.577871429,-0.028551493,-4.881039125,0.633067473,1.419748422,1.152329077,0.262666044,-0.549274615
0.390617233,-4.483792316,-0.894125716,-0.675764662,1.614565975,-0.950642812,2.209038638,-0.88104023,-1.069493311,-0.630347371,0.508161668,-2.05711109,-0.250197547,1.269756086,1.365458018,0.760740336,0.045728009
0.264136845,-4.058605113,-0.515449355,-0.602709023,1.910317198,-0.069158258,1.687147636,-0.145587671,-1.42013786,-0.513946191,0.71653266,0.553449536,-1.962906646,-0.320699725,0.874365955,1.290408892,0.049524263
-1.508496697,-2.885958136,0.156882319,-0.866521053,1.790782074,1.646706702,1.097583268,0.083908593,-0.783600025,-0.500588679,0.915844043,2.252376396,-1.617421326,-0.921819902,0.68013206,1.704231811,-0.360353146
-2.776026448,-1.57464215,0.518554471,-0.865168171,1.333967092,3.152831056,0.925494209,-0.482787504,-0.134578366,1.107083349,1.665137711,2.554473783,-0.212168379,-0.778348973,0.652998417,1.68688594,0.002059082
-2.359513446,-1.07118185,0.411206155,-0.294928321,1.012400771,3.173374608,0.12147463,-1.496578643,-0.232391184,1.046656507,2.510335112,2.177000427,2.420116075,-1.117078466,1.833983486,1.337490542,0.67709762
-2.211771268,-1.057169999,0.553154342,-0.416011278,0.85189821,1.636233518,-1.780128217,-2.500350845,-0.153921433,1.661102077,2.887361237,2.224481352,3.059521743,-1.342258775,1.801745496,0.982519685,-0.727360599
-0.783415162,-1.067316511,1.046572155,-0.452539098,0.653234201,0.192822386,-3.131346013,-3.15346027,0.505389092,3.039152106,2.153075405,2.790097875,0.693119181,-0.817477408,0.421153532,0.628168323,-1.72074623
1.703123846,-0.462511874,1.466797934,0.167080952,0.264885346,-0.275323882,-3.245322209,-2.925529464,0.959196669,1.402856838,0.644879394,1.959181682,-2.014901328,0.081325767,-1.062779102,0.436124753,-0.233438371
1.041827679,0.897362422,1.249144047,0.403158897,-0.146472617,-0.489419922,-3.62774234,-1.540098398,0.586190985,-1.929524469,-0.941101133,-1.606635811,-1.631601694,0.749194452,-1.261580047,0.473294476,0.766507923
-1.220099605,2.203242776,0.220167553,1.402262406,-0.239631446,-0.733022143,-3.447779925,0.306203747,-0.487692242,-3.537832569,-1.340822035,-5.548146126,0.335494607,0.738836925,-0.682191709,0.395857553,-0.030131115
-2.502349057,3.267177116,-0.980625393,2.239696492,-0.118973927,-1.185080997,-1.534179584,1.734528385,-1.286245419,-3.233790144,-1.702474279,-6.322085209,1.306742362,0.593447935,-0.049879336,0.211247927,-1.012302104
-1.909199651,3.05554985,-1.516479799,2.233608522,-0.074639303,-2.131695662,0.513455264,2.810311694,-0.950554021,-1.499857821,-2.392102647,-2.425681773,0.578279689,0.383995723,-0.077012978,0.187087607,-0.877125235
0.461489864,2.244311994,-1.525351561,2.622562156,-0.29911841,-2.87086073,2.640948433,3.665678399,0.26517837,1.40031255,-2.697383995,1.975206494,-0.092387244,0.641015837,0.002417849,0.312225675,0.843584485
1.875398857,2.46318677,-1.32721555,2.103055389,-0.603848797,-2.326658001,4.508058484,3.644388159,1.316974831,2.266642639,-2.623808994,1.595359091,-0.538639116,-0.354841202,0.063849132,0.484445393,2.211378096
1.904565671,2.581079585,-0.900188087,0.433598747,-0.798584422,-0.960713181,4.266608911,2.62871847,1.312036176,0.636390055,-2.489470559,-0.102529123,-2.085373458,-0.683596781,-1.155552876,0.791715105,1.040619439
2.392223891,2.847304754,-0.310807385,-0.708910276,-0.973678125,-0.174167028,2.906392995,1.165327554,0.962214736,0.784594835,-2.401619812,0.744708638,-3.099914305,-0.616464662,-1.457515392,1.074824497,-1.111462327
2.181786694,3.04830234,0.435751362,-1.130333083,-1.322181939,-0.056595473,1.109393301,-0.151849507,0.524320605,0.242979511,-1.295066437,3.499937709,-1.369909455,-1.58661969,-0.24912803,1.258814627,-2.032711554
0.879638388,2.169904234,1.124939383,-0.642619048,-1.743080264,0.138291339,-0.593688507,-0.837833567,0.017285295,-0.527303704,0.150261383,3.585403374,1.451983704,-0.903022909,1.130837083,1.397581594,-1.048160672
-0.882636846,0.535711717,1.435451042,-0.222549123,-2.205507223,0.419430859,-1.176316824,-1.157187168,-0.707188047,0.841205245,0.968554492,1.195332295,2.407224832,-0.357526487,1.283072041,1.328817606,1.011445511
-0.179089687,-0.876586229,1.163087958,-0.554005263,-2.548399059,0.683073114,-0.899062229,-1.264890736,-1.297768948,0.706357977,0.542935922,-0.596330747,1.092747724,-0.199094685,0.217248239,0.845611204,1.485676119
1.741831206,-2.002245189,0.486468266,-0.965957895,-2.39743686,0.894248747,-0.539887244,-0.948668052,-1.07566663,0.237254863,-0.182473324,-1.080042674,-0.387704142,1.188046707,-0.911976945,0.11956261,-0.484571517
1.675319967,-3.17247633,-0.244860623,-0.825258146,-1.919296362,0.967963847,-0.025787583,-0.45554852,-0.71569351,-0.20481519,0.375836479,-1.813771348,-0.619209386,1.757327079,-0.35578205,-0.48754287,-1.497575747
0.480025783,-4.101123834,-0.921628177,-0.926724311,-1.281214502,0.592540499,0.967110517,-0.120853422,-0.772899604,0.151067104,2.349275408,-2.838172312,-0.342692218,0.979361719,1.17847767,-0.937296521,0.111152331
-0.923797489,-4.897383503,-0.890577012,-0.583768672,-0.530893087,-0.191362183,1.805622892,0.011584395,-0.885802759,0.225169495,3.839077669,-2.59483257,0.448292986,-0.564293415,1.21322306,-1.308993754,1.882352318
0.027531291,-4.506984345,-0.291437372,0.033822055,0.09540362,-0.833020905,1.619661731,0.459931805,-0.470269763,-0.395000724,4.10409409,-0.535347433,1.478625606,-1.451971839,0.076565229,-1.395723108,1.000056629
1.751371753,-3.216444552,0.19754456,0.200903008,0.518546736,-0.542490766,0.302093157,1.149046782,0.308665976,0.004452504,3.187517958,1.604855276,1.738599013,-1.525625364,-0.911618745,-1.245805224,-0.197307901
1.391284268,-1.878554367,1.24382099,0.549270176,0.907456789,0.511373326,-1.864110677,1.168458472,1.324108445,-0.806221284,1.612793307,2.155040499,0.44850784,-0.409697734,-0.477570016,-1.359792376,-0.454967486
1.2160108,-0.03883457,2.387686798,0.558740351,1.361465782,1.267658021,-3.168838183,0.398565818,1.746089131,-0.055656302,0.699603089,0.722006821,-1.990407965,0.493708786,0.126265465,-1.702373325,-0.226418157
1.274617014,1.515695743,2.442100269,-0.676441103,1.698184442,1.751438537,-2.540469418,-0.546658224,1.175948776,1.692269606,0.733645253,-1.082861853,-2.382301762,0.181064916,-0.574194439,-2.059202668,-0.587440569
0.632674527,1.79641593,1.427170731,-1.287267419,1.609515195,2.16794899,-0.994104879,-1.038525389,0.074217019,1.083548684,0.739776503,0.9402707,-0.623613895,0.564677027,-1.265162046,-2.487273981,-1.116221537
-1.46951675,2.267020856,-0.043619495,-1.310266416,1.327793916,2.057577748,0.481211998,-0.915793416,-1.064280286,-0.699679221,0.017295616,2.502838277,1.184705259,0.101657209,-1.042361708,-2.842244838,-0.209615564
-3.959054215,2.291662387,-1.293502855,-1.713425314,1.081428097,1.505318724,1.640657346,-0.378214854,-1.33014458,-2.113031247,-1.441850394,1.593578557,1.327368352,0.215590006,-0.303753515,-2.986587263,1.826788089
-3.114034381,0.876223854,-2.209068662,-1.335294737,0.876590912,1.179441591,1.7366373,0.213841676,-0.77783826,-0.997996998,-3.076240344,-0.730315983,1.108646924,0.226714757,0.847500963,-2.792685207,2.38030876
-1.63634002,-1.247537905,-2.387095347,-0.604738346,0.665580551,1.161314927,0.135393598,0.407019296,-0.376572491,0.610629138,-4.729298577,-2.511147439,0.653800889,-0.306506076,0.903021947,-2.235139358,0.951022169
-3.226340243,-2.504739156,-1.734133686,0.183315539,0.353554593,0.854370087,-1.660153274,-0.017533139,-0.565201698,1.130299978,-5.350110527,-0.983597044,-0.504907029,0.085929113,0.311186163,-1.413688474,-1.059294782
-2.926494496,-2.727962437,-0.958889577,0.440363158,0,0.114751852,-2.164048035,-0.7338871,-0.756574604,1.179595559,-4.203658271,0.223902239,-2.146392009,1.15582329,-0.323723159,-0.420017873,-2.416489904
-1.822516971,-3.02704298,-0.449946181,0.783995238,-0.498343617,-0.757090324,-1.943594077,-1.206029484,-0.475757158,-0.403905732,-2.327312721,-1.73898889,-1.312328568,0.237839509,-0.707444802,0.646753185,-1.360243953
-0.589333187,-2.217254627,-0.304301426,1.864948121,-0.988269267,-1.521431314,-1.571671754,-1.007216212,0.317445808,-2.256147451,-0.920602626,-1.924758011,0.830948058,-1.229860427,0.491450262,1.473160031,1.680181414
0.416785589,0.94966528,-0.27487675,2.095614537,-1.37212854,-1.725255578,-0.456842088,-0.379780312,0.869340574,-2.109850887,-0.314066423,-0.71013659,1.644922645,-1.045343002,1.654883537,1.661486629,2.489207267
0.839295506,4.653867197,0.239537566,2.004971429,-1.710530793,-1.39897563,1.41176765,0.071384923,0.72694267,-0.895907439,0.347101964,-0.07878866,0.668518392,-0.274282659,1.004392519,1.585908192,0.544109778
1.145138168,7.386661306,0.838825068,2.266077695,-2.024801543,-1.045304279,2.195541457,0.182219408,0.170109249,1.021213626,2.095606374,0.74530215,-1.366042082,-0.004986957,-0.119549217,1.52705613,-0.036731181
2.281008377,8.414841268,0.730737438,2.140936091,-2.078676528,-0.774612766,0.952676032,0.289922976,-0.046094119,2.727476817,3.894716475,1.787656839,-2.567076249,0.833589117,-0.435391978,1.11880867,0.610322247
4.753918033,7.262970484,0.294986076,1.848713534,-1.81435238,-0.881358675,-0.900374455,0.598631457,0.321972909,1.574596283,5.237368734,1.994792376,-2.261983491,1.549409315,-0.10557942,0.441080716,0.294533306
3.968867349,4.773692681,0.360193525,1.431349374,-1.509060795,-1.32606616,-1.158508044,0.942406216,0.814878177,-1.988997203,5.795220981,1.985889702,-0.609433527,1.898879948,0.407004636,-0.118943114,-0.69298131
-0.008995372,2.121104339,0.844739576,0.342955639,-1.322743136,-1.446507771,-0.324260403,1.27459658,1.360325253,-2.857235509,4.533098574,1.264179637,1.734301932,0.550483379,1.35829402,-0.522854107,-1.139060686
-3.215436762,-0.722093493,1.056035367,-0.101466165,-1.273918931,-1.233015953,-0.270224813,1.34191131,1.759807618,-2.107306599,1.912583983,0.373615531,2.71231759,-1.16311192,1.32319043,-0.868532533,-0.415085537
-4.017933017,-3.93684696,0.93271788,0.19007995,-1.270551744,-0.961921625,-0.445594437,0.99437945,1.404773153,-0.859333298,-1.151942927,-1.755607214,1.8915751,-1.02692962,-0.171756852,-1.074205002,0.52528077
-1.533574705,-6.234790522,0.695841842,-0.295604762,-1.163362971,-0.346017871,0.302936731,0.742966761,0.159134459,1.473142796,-3.989888119,-2.302231367,0.119673709,-0.717354647,-1.597929753,-1.03145982,0.411958469
1.088167476,-7.092895603,0.057962176,-0.880726316,-0.937761468,0.207751708,1.506060457,0.508147937,-2.00619166,2.682951776,-5.115841867,-1.565683513,-1.702503532,-0.281571289,-1.163791474,-0.646133689,0.894314478
1.329679597,-6.424192094,-0.783968009,-0.532359148,-0.676243309,0.025201098,2.910892055,-0.204762015,-3.046601776,0.559425341,-3.481817962,-1.418492644,-1.113373713,0.861592801,-0.481599765,0.076817428,1.051676516
1.087077128,-4.522445698,-1.022618398,0.047350877,-0.52528111,-0.671190079,3.713224486,-0.856932164,-2.389760579,-0.784594835,-0.705917361,-0.724974379,0.457746564,1.030765741,-0.539090849,1.035176793,-0.604076938
-0.134657999,-2.561752894,-0.756317685,0.462009273,-0.503394397,-1.141577004,2.925888923,-1.216987695,-1.049738688,-0.090004191,1.55788659,1.59120451,2.302805761,0.423891382,-0.939200137,1.895655886,-1.869936728
-0.056425518,-0.90714656,-0.564244044,0.510713033,-0.411357963,-1.225362472,1.169193312,-1.540724582,0.468074805,-1.862736907,2.112444434,2.629849752,2.403787167,0.141552869,-0.721772798,2.519487741,0.172786258
0.443226532,0.420838697,-0.450833357,0.519506767,-0.089230445,-0.888206526,-0.198942825,-1.882933882,1.498058871,-0.978596801,0.91328173,1.269521241,0.856837971,0.243210078,0.281097371,2.947559054,2.131803972
0.629948657,1.422927626,0.108235493,-0.117024311,0.33166788,0.234438185,-0.424411361,-2.366973753,1.519459712,1.407627378,-1.854748908,0.290969046,-1.052784869,0.296532162,1.533453771,3.119778772,0.994557179
-0.429324593,1.961175971,0.727484459,-2.180846116,0.844602639,1.502901836,-0.644677858,-2.616194799,1.200642055,1.469008328,-3.913750804,-0.469022516,-2.576959535,0.357910099,1.585750956,2.974816851,-0.508968583
-3.069330106,2.26460502,0.745671571,-3.941622307,1.541610265,1.94076147,-2.080065575,-2.003474212,1.101731757,1.55646823,-3.004495567,-0.143036288,-2.854121266,-0.437701418,0.205964942,2.489751962,-0.699450497
-2.993005734,2.225951638,-0.052195531,-3.674428071,2.145459062,1.668861513,-2.555466286,-1.026627902,1.179789953,0.130076728,-0.368058028,0.289782022,-1.271076589,-0.715436586,-1.488678783,1.732728599,-1.324655002
-1.600903705,1.833136643,-1.348507778,-2.399336592,2.436159506,1.338956232,-0.820141212,-0.618982422,1.439343743,-1.193589143,2.274602272,-0.419909433,1.396121649,0.060994326,-1.262296447,0.935438035,-1.981145831
-0.452494492,1.137375766,-2.12389975,-1.384674938,2.567479783,1.028788874,0.478212624,-0.906400663,1.421235339,-1.040613823,3.306116467,-2.43577147,1.80520377,-0.606874359,-0.209726041,0.196999533,-1.156557259
1.550475102,-0.40247834,-1.812205189,-0.782642356,2.575336552,0.443499041,0.223219005,-1.196949822,0.748617881,-1.335115168,3.298795571,-1.664206433,0.5815025,-0.013810036,0.024715793,-0.550731399,0.763640843
2.514342886,-1.905611734,-0.888063346,0.17181604,2.345806665,-0.257197218,-0.246932803,-0.919863609,-0.162975635,0.507267435,2.778279892,1.513454495,0.106460184,1.572426042,-0.559776893,-1.267487563,2.22758677
1.277070297,-2.66708336,0.088274029,0.759643359,1.899093243,-0.258304959,-0.563694771,0.063244537,-0.919001499,1.869097628,1.83498249,2.381761917,0.521987927,1.193417276,-0.495300911,-1.907426298,1.716418728
0.110125165,-2.700421902,0.985356999,0.796171178,1.317131159,0.660112673,-0.858008303,1.440535217,-1.298866427,1.515759621,0.736390589,1.186132866,0.569255819,0.040279272,-0.364020648,-2.309478805,0.645230336
-0.442408771,-2.154926048,1.59277695,1.357617294,0.797462027,1.444896512,-0.959424622,2.350692981,-0.913788474,0.587412509,-0.671966708,-1.189693935,0.5417545,-0.92335435,-0.621118626,-2.290274448,-0.091069688
-2.163523362,-1.470278019,1.944098713,2.022558898,0.464671751,1.256782023,-1.444198377,2.770235948,-0.229373116,-2.911937703,-2.318161601,-2.037525209,0.067034465,-1.366426338,-0.059998483,-1.963180883,-1.288083074
-1.001757384,-0.164156082,1.591002597,2.586034336,0.46747774,0.477939702,-1.705143878,3.303744318,0.311546859,-3.064594987,-3.446677663,-0.705685253,0.140299698,-0.342949227,0.92988694,-1.621838925,-2.62864945
2.083927945,1.890150381,0.808365353,2.979723058,0.745831832,-0.029556532,-1.44719775,3.82347665,0.631736364,-1.025348094,-3.647270203,0.247939457,0.120103417,0.076722422,0.805233375,-1.273682517,-1.805716692
3.868555317,3.295683985,0.22386412,2.577917043,1.116783556,-0.020291793,-1.216620907,4.239262515,0.689491198,0.037846285,-2.895414222,0.034126915,-0.007197611,0.166104044,-0.010477347,-0.820211893,-0.249923723
3.369175854,4.510849683,0.089604793,2.298546868,1.392892857,0.233229741,-0.325150842,4.269319325,0.590443716,0.552746584,-0.942565312,-0.330882698,-0.116880606,0.95596138,-0.706012002,-0.299216272,1.290227968
1.402732924,5.001747635,0.73798271,2.454804763,1.612321184,0.422049155,0.963173839,3.229854661,0.462175855,1.821392226,1.266514944,1.1429549,-0.367830142,1.226407918,-0.653087967,0.260188063,1.579893777
1.597905247,4.897383503,1.295277208,1.740482958,1.675736532,0.582872945,1.435575178,1.420810435,0.387547281,1.168464299,2.632228024,3.255410943,0.037921741,-0.078640483,-0.196651745,0.537721996,0.713729328
2.040859192,4.147507892,1.030011533,0.804288471,1.415340768,0.743898141,0.795021458,-0.041954297,0.295496228,-0.477690086,3.399823931,1.949685497,1.499251596,-0.357526487,0.682639459,0.341341959,-0.008799719
-0.13002402,2.059258928,0.42466166,-0.073055639,0.959648181,0.488614293,0.239012582,-0.943658584,-0.030866598,-0.485640986,2.779378026,-0.332069722,1.372057995,-0.557772009,0.334200506,0.170980727,-0.943001887
-2.118273913,-0.607945224,-0.256098188,-1.728307018,0.498904815,-0.195063043,0.584690386,-1.725448724,-0.925449189,0.362243015,0.679379115,-1.192364738,-1.818524721,-0.487954605,-1.411307605,0.461524064,-1.964972464
-3.057336276,-2.676746706,-0.801563669,-3.138686718,-0.098770807,-0.929696445,1.245302416,-2.231091926,-1.743894172,1.39713219,-1.915512342,0.508491035,-1.943569781,0.289243531,-1.210357461,1.11075523,-1.529168198
-3.361543417,-3.799144286,-0.896787245,-3.427527069,-0.940567457,-1.510555316,0.910122419,-2.342239503,-1.8026093,2.287951052,-3.664840353,0.77839042,1.377214492,-0.179530468,1.056689704,1.756269424,0.197917787
-3.863103576,-4.128181201,-0.810879019,-3.369353134,-1.891236474,-1.736131577,-0.086560047,-2.652513444,-1.395444582,1.67763995,-3.574061247,-0.809846533,2.054434474,0.254718442,1.910638265,2.124869179,2.192514182
-3.677744387,-3.19373569,-0.94040674,-3.577020552,-2.754358639,-1.521431314,0.392917938,-3.249892534,-0.788675865,-0.181598561,-2.154905629,-2.79959406,0.794530295,0.836658013,1.101464692,2.140356564,2.782703072
-2.718237995,-1.763077388,-1.088269435,-3.055484462,-3.414327213,-1.076321015,1.478878634,-3.847271624,-0.331027111,0.34665925,-0.421683588,-1.263586126,-0.501576791,-0.358677324,-0.026506793,1.799014605,0.556531788
-2.616835615,-0.519767197,-1.186598127,-2.272842106,-3.753290664,-0.511272623,1.042469778,-4.095240303,0.136224584,0.935343904,1.505908231,0.697524469,-1.774264786,-0.213671946,-1.260505447,1.287930911,-2.224828017
-1.579641915,-0.012803933,-1.296460109,-1.693132081,-3.788646123,0.113090241,0.012255253,-3.649397628,1.294476511,-0.4159911,2.669198547,-0.218115501,-1.864503489,0.48526932,-1.003676119,0.900126798,-2.423362311
1.943545618,-0.225729711,-1.193843399,-1.031572682,-3.607379245,0.504827587,-0.2309049,-2.621204267,2.64766815,-0.484686878,2.713489965,0.139920352,-0.868654944,0.070201016,0.617447077,0.596574058,-0.864429196
4.548932577,-0.873928809,-0.82078582,-0.641266166,-3.168522591,0.40905838,-0.038089701,-1.487812073,3.546503473,-0.665649368,1.962366074,1.201860923,-0.135250628,-0.646770019,1.974756047,0.144342425,-0.036385583
4.166220368,-1.630689554,-0.169598511,-0.525594737,-2.615181593,-0.151407995,-0.326369337,-0.604580201,3.513030363,-0.704449761,1.389139946,-0.02255344,-0.143415082,0.143087317,1.185641668,-0.354970857,0.04865138
2.845808731,-1.668376602,0.911721377,0.037204261,-2.139847085,-0.755479065,-1.213808994,0.096432264,2.5011547,-0.32439673,1.326912333,-0.99724781,-0.228926996,0.260089011,-0.585119536,-0.706224742,0.610036983
2.553595421,-1.462064175,1.918074879,0.162345865,-1.673491741,-0.811470316,-1.178378893,0.646847589,0.847528178,-0.333301738,1.003694791,0.066028162,0.032657816,0.217124455,-1.46324659,-0.958359364,1.974299102
2.382410758,-0.839865516,1.901514257,0.180609774,-0.991636454,-0.322755319,-0.684232097,1.163449003,-1.637438707,0.153611393,-0.003568937,0.791299296,0.366755872,0.149992335,-0.829949168,-1.111374725,1.731545326
0.866826797,-0.019900452,0.551823577,0.88343208,-0.069588523,0.231417074,-0.786210798,2.033844114,-3.609059777,0.802086816,-1.309342184,-1.075146203,1.325219811,-0.554703112,-0.116414967,-1.075443993,-0.137569915
-0.436684443,0.910407939,-1.033412375,0.513418797,1.121834336,0.384688087,-0.76877694,3.054523272,-4.362479129,1.292498342,-1.274933974,-1.103931514,1.106498383,-0.446140885,-0.138533811,-0.939155007,-1.420024548
-0.855378142,1.526325423,-2.060614517,0.734615038,2.318869172,-0.028675375,0.231514148,3.606817147,-3.34731103,0.594727338,-0.361560733,-0.982855154,-0.046945611,-0.255869278,-0.618611227,-0.877205469,-0.81308414
-1.531666596,1.924455258,-2.403655969,1.768217043,3.224642368,-0.363137498,1.381211532,3.752091727,-1.594637025,-0.565786061,0.610196651,-1.721183543,-0.204648487,-0.686282066,-0.289962819,-0.770032767,-0.047844697
-1.516946895,1.821057461,-1.950013221,2.510272933,3.824562781,-0.13408696,0.985106759,3.557974832,-0.63159918,-1.365328589,0.649271931,0.134875504,-0.40800785,-0.137333136,0.505688708,-0.709941714,-0.507038338
0.660750993,1.33354168,-0.662572736,2.475774437,4.02827757,-0.025452857,0.211315241,2.928034198,-0.198232149,-1.440067051,-0.09260933,1.929506103,-1.102201302,1.015421257,1.444261996,-0.844372213,-0.840952115
1.889028209,0.614467982,1.040066196,2.088850126,3.918282808,-0.454173632,0.873192632,2.278055691,0.280817446,-0.87746135,-0.5190515,1.205867126,-1.456710493,1.110173448,1.647719539,-0.789237124,0.166113374
1.084623845,0.134531888,2.240415554,2.412865414,3.709517238,-0.695761779,1.519932559,1.769281571,1.071825454,-0.73720747,-0.78772837,0.805691952,-0.780779636,1.431256785,0.611089029,-0.203813982,0.93377796
-0.593967167,-0.938794016,2.395967109,2.408130326,3.471008187,-0.328596133,1.127202082,1.119929248,1.661034506,-1.139204986,-1.245284347,1.133458715,1.10950634,1.132039339,-0.911976945,0.513561676,1.636646806
-1.750826578,-1.729255679,1.59277695,1.777010777,3.020927579,0.121171712,0.44859381,0.34565331,1.212714324,-0.993226458,-1.250042929,0.103864524,1.638477023,-1.294690874,-1.096808093,0.806582995,0.659635551
-3.298303223,-1.376543568,0.619544692,0.946341103,2.450750647,0.116589694,-0.451030801,-0.458366346,0.400031105,-0.311993325,-1.141693674,-0.294084981,0.297250585,-2.378011474,-0.725892097,0.817733912,-1.643160527
-1.90647378,-0.709893519,-0.339197022,-0.648030577,1.978222128,-0.240782517,-0.801395127,-1.092690264,0.103574583,-0.048659509,-1.46527726,0.984042178,-1.625156072,-2.149762268,-0.010387797,0.805963499,-1.87409572
1.04455355,-0.147305623,-1.495779022,-2.725381204,1.584261296,-0.423861822,-0.338460562,-1.195697455,0.635714726,-0.242661475,-1.798011967,1.706939266,-2.874747256,-0.794077069,0.620491776,0.613919929,0.538588261
1.56628515,0.192421367,-2.324401564,-3.438350126,1.116783556,-0.091690708,-0.331102724,-1.037273022,1.215458021,-0.564831953,-1.035906732,-0.274795855,-2.424413156,1.150836332,0.996870321,0.106553207,2.021521274
1.877852141,0.90920002,-2.415484984,-3.175890978,0.427071501,0.386903568,-0.692480374,-1.319994887,1.093775034,0.018128053,0.089955505,-2.156227522,-0.854689431,2.436320515,1.027317312,-0.631885295,1.163673204
2.16733958,2.112407328,-1.989048972,-3.291562407,-0.245243424,0.841882829,-0.812267856,-2.039166674,0.106318281,0.939160336,0.633806539,-1.580521302,0.287582153,2.012429133,0.639565921,-1.331915083,-0.439793945
1.046734246,2.435646235,-1.31952669,-2.384454888,-0.824960717,1.568963455,-1.280545056,-2.355702449,-1.466231979,0.618580038,0.141384797,-1.728305682,0.552819483,0.633343595,-0.047909237,-1.832467356,-0.751007393
-0.899537243,2.26991986,-0.234066646,-1.327177444,-1.410289988,2.123236552,-2.089063695,-1.703845392,-2.483595036,-0.714308877,-1.337161587,-1.323530794,0.446789007,-0.514040228,-1.009049117,-2.11000129,-0.029766792
-2.735683565,2.116755833,1.072743852,-0.921312782,-1.831749511,2.287987785,-1.987084994,-0.840964484,-2.712419413,-0.499634571,-2.3042519,0.745895661,2.061739512,-1.439696251,-0.850366562,-2.212837524,0.49931335
-1.937003529,2.007076862,2.041688092,-0.117700752,-1.957457811,2.624338102,-0.720599502,-0.984673605,-1.986437037,0.757243738,-2.233605257,1.442233107,2.40077921,-1.03421825,0.21411399,-2.170711838,0.071186849
1.790624287,1.761627886,2.596468923,0.873285464,-1.95016224,2.777004893,0.788460329,-1.861956734,-0.807607378,2.308623393,-0.576886576,0.315599776,0.676145711,-0.231318103,1.161284075,-1.886363455,-0.301257464
2.824001767,1.561113467,2.73841711,1.117480702,-1.915929176,2.159087065,1.676649829,-2.56328229,0.587288464,2.143562704,2.628933621,0.568435703,-0.485033029,-0.474144569,0.154652807,-1.269965544,-0.080432121
1.354212431,1.063451173,2.516623068,1.060659649,-2.07811533,1.032817021,2.159548974,-2.642494507,1.787793334,1.249881517,5.417462767,1.610790392,-0.401991937,-0.003836121,-1.584676356,-0.535244015,-0.421139065
-0.209892023,0.057194926,2.227995087,0.317250877,-2.280707724,-0.3031181,2.180544589,-1.947430786,2.233369818,0.128804584,5.946031431,1.648181621,-0.181551676,0.494859623,-1.401636208,0.125757564,-1.192511717
-1.551020276,-1.636970729,2.060023066,-0.443745364,-2.214486388,-1.601994265,1.1180165,-0.873212936,1.952963927,-0.309767073,4.650232905,0.476293032,-0.420147105,0.706613508,0.145070959,0.76693529,-0.561045453
-1.335403925,-3.79672845,1.657836536,-0.499889975,-1.800322436,-2.607419883,-0.202504582,0.291488434,1.252772308,-0.12753244,3.414465722,-1.54550412,0.204326206,0.785253991,1.973681447,1.29474536,1.275500178
-1.465155357,-5.14089981,0.967613476,-0.896960902,-1.172342135,-3.087977881,-0.696979435,1.21416987,0.829008219,0.161880329,2.660413472,-2.082038576,1.418896179,0.313411094,2.134155002,1.579093743,1.436612771
-3.157648308,-4.541772389,0.518110883,-1.054571679,-0.522475121,-2.632394397,-0.808893561,1.279292957,0.400854214,0.440479873,1.606204501,-0.521399911,1.117241086,0.183366589,0.966423329,1.829369879,1.312584857
-5.144262679,-3.113046755,0.588937114,-0.746114537,0.150401001,-1.442479623,-0.811705474,0.711031401,-0.427056526,0.195910182,-0.120062688,0.353881272,-1.180837886,0.117001694,-0.245725131,2.102567345,2.186179001
-4.132419575,-2.190197259,0.718316972,0.188050627,0.700374813,-0.927682371,-0.476900399,0.305577564,-1.268685754,-0.743886226,-2.407842573,-1.064017861,-2.316986129,-0.58347402,-0.591388034,2.021413449,1.186436122
-0.751522478,-1.233526054,0.257133226,1.347470677,1.26157258,-1.14802204,-0.471651495,0.553859335,-1.37459248,-1.573324139,-3.537456769,-1.173372367,-1.158063356,-0.754948634,-0.227904686,1.42236141,-2.113352508
1.022473999,0.046112277,-0.49874087,1.408350376,1.774507339,-1.107740565,-0.540449626,1.243913587,-0.812683219,-0.974780369,-3.726335876,-1.270114753,-0.097436314,-0.372103747,-0.689534807,0.72666809,-3.792885559
0.849926401,1.171197476,-0.885253955,1.086364411,1.993374468,-0.885386823,0.246323555,1.640913947,-0.516501067,1.305537819,-3.26658363,-0.252390794,0.767566111,0.013042812,-1.932488459,0.385945626,-3.186132518
2.279918029,1.406016771,-1.373940161,0.686587719,1.782364107,-0.799083762,1.22393188,1.459633814,-1.477755509,2.22752421,-2.548403769,1.89804999,1.275803378,-0.102424434,-2.008426838,0.24717866,-1.03548028
4.381018958,1.626824216,-2.484093275,0.010146617,1.087601272,-0.789516912,0.972546882,1.242348129,-2.506642096,1.489362632,-1.146818301,1.683198803,0.605888435,0.249347872,-0.612521828,-0.042745182,1.547289864
4.221828125,1.749065537,-3.603709601,-0.3801599,0.256467379,-0.577233538,-0.340007114,0.988430706,-2.17465469,1.29345245,0.417840118,1.059566524,-0.622002489,0.991637306,0.96606513,-0.602149517,3.366309633
2.520884975,1.356733709,-3.889380327,-0.76640777,-0.300802003,0.099998762,-1.207622786,0.314344133,-0.680985736,-0.044843077,0.590430233,0.795453877,-0.926450685,0.984348676,1.038063309,-1.170226787,3.054133671
-0.744980389,1.130611424,-3.605483953,-1.316354386,-0.572421722,0.826575869,-1.300040984,-0.208519116,1.086641421,-2.157874324,-0.39962939,-0.352991004,-0.411015807,-0.245895363,0.411571685,-1.120667156,0.305235308
-2.266833851,1.33354168,-3.396110377,-1.924474938,-0.717771944,1.280145279,-0.897750003,0.031622268,2.092343763,-1.512261225,-0.869356356,-0.386672786,1.156344524,-1.746202328,-0.053461335,-0.521615116,-1.622643208
-0.077142133,1.854396003,-2.899883173,-1.727630577,-0.965821357,1.668055884,-0.21201822,0.559494986,2.123621915,-0.385459643,-0.744626597,0.555675204,2.089670539,-1.158892186,0.111758369,0.090446327,-0.66031922
1.301057957,2.088732132,-2.155246641,-1.010603008,-1.174586926,1.865837926,1.436699943,0.845347769,1.899736194,-0.06138095,-0.536438627,0.362190434,0.911840609,-0.617615498,0.71595205,0.656665111,0.69524697
1.607445794,1.722974504,-1.808065034,-0.751526065,-1.207136396,1.52868198,2.804414293,1.204777117,1.542506771,0.450657025,-1.025657478,-1.024846098,-1.598943877,-0.466088715,0.134235412,1.143588485,0.454138977
1.555381668,1.236425058,-1.534223323,-0.43562807,-1.055612999,0.8902206,2.26452705,1.96058064,0.742993301,0.08205329,-1.62597092,-0.4630874,-2.150259382,0.959797501,-1.184208868,1.383952696,-1.175971238
-0.279401719,0.816673487,-0.994672349,0.51544812,-0.865928154,0.360922017,1.200686734,2.675056051,-0.706913678,-0.252520592,-1.63292577,0.000296756,-0.750485214,1.595059156,-0.871500356,1.437848794,-1.92720291
-1.995064569,-0.02258807,-0.457487178,1.3495,-0.738536261,0.090859902,0.307904444,2.576119053,-2.05063956,-0.495818139,-0.882167923,-1.343116675,0.851681474,0.605339911,0.21599454,1.325100634,-1.534633545
-3.202352583,-1.360599048,0.218541063,2.004971429,-0.633031081,-0.559711096,-0.633055285,1.624320083,-2.421587471,-0.364787303,0.111552147,-0.317825444,1.790593694,-1.015421257,0.831381967,1.085355919,-1.309641546
-3.118395774,-2.166038896,1.059879797,2.169346617,-0.543239438,-1.887589923,-1.036845953,0.568887739,-1.774623585,-0.891136898,0.918040312,0.75865616,0.837930814,-2.111784669,0.880813553,0.782422674,0.023544304
-0.622861394,-2.105642986,2.107339128,2.115231329,-0.463549355,-2.895029615,-0.777962521,-0.151223323,-0.487143503,-0.679960988,1.995310104,-0.19214937,-1.107787507,-1.483811644,1.013705716,0.286826364,2.537918749
0.133840238,-2.082934124,3.514400533,2.12199574,-0.197541614,-2.840649624,-0.895313012,-0.81716951,0.966055913,1.555196086,3.060134374,1.049625206,-2.294211599,-0.314945543,0.897648949,-0.376653196,3.354211403
0.783960336,-2.31243858,4.724508828,1.840596241,0.102137994,-2.155864547,-1.259549441,-1.524130718,2.063809309,0.606176634,3.464247812,2.029809558,-1.745904051,0.191422443,-0.022029294,-1.059956608,1.07550787
2.614654918,-2.11385683,5.237888105,1.438113785,0.329423089,-1.215292104,-1.017162564,-2.039166674,2.269037886,-0.463378466,3.56820453,1.294448727,-0.36825985,1.064907219,-1.377636814,-1.810785018,-0.834834393
3.135841345,-1.923005756,4.963454943,1.179713284,0.549412614,-0.378545162,-0.93899139,-2.273985498,1.593539546,0.540661216,3.142128405,-0.006825383,1.664689218,1.338806266,-1.881265873,-2.540550584,-0.913838791
2.516523583,-1.477525528,3.932556234,1.367087469,0.579717293,0.248133887,-1.167506164,-2.487200991,0.605671238,-0.315809757,2.260326526,-1.668954526,2.283898604,0.159582638,-0.949587934,-2.934549651,-0.671074985
0.331465845,-1.148005446,2.157612444,1.96844361,0.278354092,1.549628347,-1.423202762,-3.060785107,-0.322110094,-1.225392744,1.025291433,-2.012004211,1.051066037,-0.751879737,0.67690826,-2.809411582,-1.714063196
-1.167217719,-0.74383602,0.368030248,1.906211028,-0.053874986,3.29985844,-0.848260339,-3.569246135,-0.7547912,-1.787362373,-0.570572303,-0.965791697,-0.338609991,-0.557388397,1.640913741,-2.349126509,-1.979052694
-2.040314018,0.605287804,-0.450537631,0.984221805,-0.400695205,4.211831036,0.704290408,-3.585526907,-0.400305475,-2.431385292,-2.431635484,-0.090955648,-0.080140563,-0.287325471,0.662669814,-1.904948317,-0.770873942
-2.812007938,2.340945449,-0.351469626,-0.162345865,-0.724506317,3.780013623,1.320474217,-3.162226839,0.326225641,-0.269694536,-2.902369073,-0.299426585,0.074661784,-0.493708786,-0.195218945,-1.706709793,-0.341715156
-0.384075144,3.022694475,0.235249548,-1.422555639,-1.019135144,2.815675109,0.930555652,-2.007857497,0.279994337,0.87587117,-1.577653008,0.588021585,-0.72352103,0.102040821,-0.015671246,-1.509090764,0.268638826
1.105613047,2.679162542,0.465028176,-2.172052381,-1.154945004,2.123236552,0.75340515,-0.021916424,-0.775780487,0.149476924,0.271147672,2.14791836,-0.152761233,-0.326837518,-0.138533811,-1.116330688,1.331882083
1.276525123,2.426949224,-0.086499677,-2.779496492,-1.00005442,1.660402403,0.344224983,2.125266909,-2.329399233,0.568330349,1.326546288,1.125594686,0.874993139,-0.763004488,-0.431989079,-0.615778415,1.820343376
1.000394449,2.044763909,-0.672183811,-2.381072682,-0.789605258,0.914792299,0.009162149,3.504123048,-2.889113536,0.561651593,0.423513812,-1.752639656,0.259328844,-0.61071048,-0.789830779,-0.223637835,1.08406578
0.09404253,1.825889134,-0.614813086,-1.540932832,-0.592063644,-0.001711963,0.1546552,3.767120132,-2.162582421,0.681233132,-1.253703377,-1.878464109,-0.020196281,-0.422740546,-0.752577989,0.133811004,-0.315982366
-1.294515868,1.424377128,-0.19310868,-2.188963409,-0.454570191,-0.546518913,0.455529862,3.094599018,-0.868654649,0.962376965,-2.486908246,-0.027301532,0.242355374,-0.153061232,-0.49825606,0.670294009,-1.074364006
-2.148258487,0.516143442,-0.191038602,-2.839023309,-0.430999885,-0.829798387,0.689855922,2.092705366,0.684278173,0.401043408,-3.227050794,1.764509888,-0.092279817,0.110480288,0.087848525,1.205538024,-0.876477273
-1.0666331,-0.362737832,-0.872242037,-3.094041605,-0.358044175,-1.277325575,0.451030801,1.145915865,2.285500072,-0.27573722,-2.425778767,1.929506103,0.271897807,0.593447935,0.299276016,1.546879983,-0.109293022
-0.46367056,-0.429898083,-1.789138609,-3.170479449,-0.175654901,-1.792122827,0.490772501,0.100502457,3.440048007,-0.809083608,-0.747005888,0.376731467,0.497924272,0.163035147,0.011283297,1.657769657,0.066420699
-0.466123844,-1.244155734,-2.459252342,-3.179949625,0.056680974,-1.982251389,0.881440909,-0.765196277,3.700699276,-0.790955555,0.603607845,-1.002441036,0.154157784,-0.687432902,0.371274196,1.607590531,0.27763386
-0.00463398,-2.48444613,-2.407204673,-2.270812783,0.335596265,-1.587090119,0.13262855,-0.998449643,2.968680766,-0.683141348,1.233204869,-2.070168345,-1.237559357,-0.970155028,1.252266849,1.475018518,0.716059583
1.072084841,-2.289246551,-1.464432131,-0.278693734,0.592063644,-0.998980582,-1.080899252,-0.961817906,1.781208459,0.331711558,1.428672782,-2.692168467,-1.893293932,-0.329139191,1.455724392,1.306515772,-0.033896511
1.77644976,-1.385240579,-1.004283424,0.882079198,0.860877374,-0.749537548,-1.624160791,-1.144663497,0.851506539,1.756830916,0.750025757,-0.727793559,-1.045050123,1.083320601,0.690609407,1.154739402,-0.52302153
1.488052669,-0.991459249,-1.757791717,1.377910527,0.989391663,-0.700293445,-1.36321529,-1.2320161,-0.130051265,2.151513604,-0.031845896,1.859471739,0.130201557,0.675540927,-1.033406711,1.164651329,-0.008470951
1.231548261,-0.669065885,-2.712393276,2.068556893,0.879396901,-0.684180854,-1.152134375,-0.872273661,-2.159289984,1.572688067,-0.536347116,1.109718252,0.856300836,-0.0982047,-1.860490279,1.308374258,0.320030583
1.1634015,-0.23210148,-2.731319701,2.824141605,0.79914562,-1.182664109,-0.948551893,-0.216033319,-4.376197617,0.840887209,-1.010283597,1.411370506,0.548414975,-0.671704806,-0.816695771,1.309613249,0.184436972
0.284308286,0.621111533,-1.620575136,3.169803008,0.841235452,-2.097053593,-0.211268376,0.340643842,-5.022064023,-1.010718438,-1.243454123,1.979361075,0.145885903,-1.177305568,0.180443199,1.082877937,0.512803794
0.208801675,0.938431641,0.104686788,3.163715038,0.927659908,-2.360091626,0.590876594,0.566696097,-3.761060622,-0.823077192,-0.684778275,0.88744817,0.846954685,-1.140862417,0.283515221,0.680205935,0.925123357
0.561801896,0.90050301,1.465023581,2.757173936,0.892304449,-1.680140326,1.027847832,0.484352962,-1.697251314,0.267150248,1.010649642,-0.639657091,0.59160064,0.250115096,-0.533180551,0.309128198,1.465599734
-1.707485239,0.723301411,1.652513479,2.133495239,0.740781052,-0.800795725,1.430701196,0.131811634,0.053776472,-2.188405781,2.39539705,-1.660645364,-1.273654838,1.69019496,-0.14229491,0.154873847,1.11238793
-2.724780084,-0.098868104,1.059288346,1.333265414,0.54772902,-0.40825275,2.014079356,-0.035066278,1.590247109,-2.427250824,2.178332495,-1.9395958,-1.114233129,1.527543425,1.628018544,0.048940136,-0.712226378
-2.185875499,-0.567117589,0.644977075,0.47215589,0.468600135,-0.202766875,1.687147636,0.335321282,2.487436213,-0.925166751,0.703172025,-0.758359404,0.293383212,0.940233283,1.916369463,-0.135049994,-1.353883496
-2.435837818,-0.64551148,0.332543201,-0.355131579,0.430438687,0.710766628,0.408852111,0.943345492,3.082269845,0.096682947,-0.689811391,0.892641396,1.052355161,-0.243977302,0.919140943,-0.453470624,-0.56814896
-2.92976554,-0.759176581,-0.17226004,-0.983545364,0.338402253,2.082552262,-0.282269173,1.293068995,2.788694205,0.52603156,-1.22332166,1.823267533,1.256466514,-1.102117594,-0.241784932,-0.985617162,-0.701168498
-1.552110624,-0.385929861,-0.380302851,-1.448936842,0.17341011,2.762906377,-0.472401338,1.288372618,1.182533651,0.571510709,-0.176250562,0.156390298,0.75714569,-0.663265339,-0.267754425,-1.6788325,-0.162199605
1.085441606,0.684406446,0.390209652,-1.137097494,-0.0252539,2.699664461,-0.913684175,1.096447365,-0.297691186,0.033393781,1.807895176,-2.439926051,-0.702465333,-0.804050984,0.564791692,-2.317532245,0.95062617
2.348609964,1.076013522,2.112070734,-1.07351203,-0.040406239,2.421319468,-1.363027829,0.54603204,-0.559988673,-0.972872153,2.31193884,-0.899911913,-0.926020977,-0.525548592,1.24940125,-2.71029232,0.528517771
2.314809171,0.229625248,4.06563266,-1.043748622,0.1257083,1.974195094,-1.227681097,-0.082969318,0.271900429,-1.834749739,1.511032858,1.768070957,0.592460057,0.79599513,0.546433947,-2.736930622,-0.957508608
3.002818868,-0.65481245,5.098305721,-0.660206516,0.416408743,1.594743599,-0.196505834,-0.17376593,1.175948776,-0.749292838,0.199494406,1.240439174,0.945357842,1.734693965,-0.719802698,-2.450723753,-0.669274333
2.810917589,-1.118049075,4.694936289,-0.332132582,0.55783058,1.43200644,0.551322355,-0.080464584,1.120800455,0.143752276,-1.634023905,1.816145394,0.598261116,1.619226719,-0.444346976,-2.164516884,0.739521819
0.225974659,-0.597436336,2.820628768,0.499213534,0.517424341,1.184275368,0.311653661,-0.46087108,0.316485514,0.665331332,-2.752656757,1.76925798,-0.246007893,0.76875867,0.061699933,-2.041856797,1.189876539
-2.640823274,0.803386387,0.121986723,0.856374436,0.307536376,0.531916879,0.405102894,-0.940527666,-0.452024174,2.00521704,-3.130414972,-0.921871841,-1.589490299,0.1235231,-0.235247784,-1.922913683,0.99813481
-2.689888942,1.316630825,-2.10083317,0.611502757,-0.109994762,-0.394254937,0.909747498,-1.171276298,-0.958922299,1.289954054,-3.074776165,-2.956281114,-0.935474555,-0.333742536,-0.626402075,-1.539446038,-0.090387823
-0.529909212,0.467585131,-3.418585507,0.667647369,-0.511251166,-1.166148704,0.657612656,-1.349425513,-1.74663787,-0.860923478,-1.795815698,-1.212544131,1.166657519,-0.600736565,0.075401079,-0.823928865,-0.58768852
1.49623028,0.279633061,-4.089882142,0.031116291,-0.675682111,-1.812263565,0.034317052,-1.21604842,-2.560418568,-1.938747514,-0.13626017,-0.040210409,1.70293324,-1.382921659,0.623626025,0.190185084,-0.508861057
2.142806747,0.318407234,-3.653982917,-1.109363409,-0.580839689,-2.571166555,0.045377242,-0.848478687,-2.796925298,-1.35006286,1.051646657,0.45255257,0.815371139,-0.733849968,0.475510367,1.389528154,-0.91818836
1.36620626,-0.175419919,-2.216757522,-1.779040101,-0.428193896,-3.076296253,0.465277826,-1.039777756,-2.368908478,0.524759416,1.44075226,0.220637925,0.31551318,0.565060639,0.21483039,2.683034523,-1.524332758
1.201836273,-0.497903877,-0.692145275,-0.915224812,-0.491609244,-2.796340001,0.849572565,-1.732962926,-1.541409292,1.28709173,1.620114203,-0.898131378,0.087982736,0.558922845,-0.337872055,4.033534468,-0.675999094
1.401369989,-0.508654349,0.420669367,0.289516792,-0.784554478,-1.948817765,1.117829039,-2.198530383,-0.674675231,1.114398177,1.961267939,-1.150818928,-1.204471832,0.622218844,-0.509181157,5.146767679,0.733095562
0.253778537,-0.537161218,0.986392038,0.455244862,-1.071887735,-1.364333561,0.850322409,-1.803095482,0.657252752,0.421397713,2.165520928,0.281769616,-1.135288827,1.303513952,-0.052834485,5.538288764,0.991780773
0.406972455,-0.586927448,1.034743139,1.095158146,-1.286265281,-1.193137292,0.023549769,-0.134942551,2.946182446,-1.069237064,1.513961216,1.658864829,0.709233235,1.265919965,0.418646133,5.144289698,0.103481105
2.092105557,-0.066073125,0.206120597,2.343868422,-1.423197537,-0.736043254,-0.971234656,2.135912029,4.635751406,-1.176733235,0.298326497,2.056517579,1.780710408,0.660580055,0.117579117,4.161150518,0.147091784
1.489415604,1.000639427,-1.330764254,3.084571429,-1.554517814,0.185949359,-1.720140746,3.671940235,4.640141322,-0.2852783,-0.551446463,0.777796908,0.756286274,0.072119077,-0.636610772,2.536214116,0.972093566
-1.245995374,1.611362863,-2.17713032,2.805877695,-1.706041211,0.875719269,-1.619661731,4.129054213,3.337433718,0.401361444,-0.401002058,-1.722370567,-0.546481289,-0.395120474,-0.436914328,0.62321236,0.754769985
-2.733502869,1.691568631,-2.006792496,1.846684211,-1.874961739,0.898679709,-1.262548814,3.872318965,1.745540391,0.462106322,0.085288434,-2.287393578,-0.192724087,-1.018490154,1.102897491,-0.947827943,-0.371580057
-1.998335614,0.800970551,-1.513522545,1.144538346,-1.949601042,0.693042779,-1.333596476,2.790273821,0.120311138,0.224215387,0.196108492,-0.283846907,1.075989107,-1.400951428,1.568915561,-2.061061154,-0.886875154
-0.072508153,-0.597073961,-1.102464253,-0.249606767,-1.839045082,0.626376938,-1.191876075,1.15750026,-2.011130315,-0.174919805,-0.229510078,0.898428134,0.793670879,-1.544038746,0.486704114,-2.782153785,-1.11950588
1.33213288,-1.159118294,-1.234949228,-1.810832833,-1.640381072,0.671391486,-0.884065361,-0.459931805,-3.546503473,1.072099388,-0.417931629,0.132649835,-1.597225045,-0.593831547,-1.101464692,-3.011986574,-0.791189451
0.93388321,-0.843610063,-1.663751043,-2.118613534,-1.172342135,0.934530222,-0.698854043,-1.764585195,-4.122131222,1.350698932,0.194186757,-0.012315365,-2.710169049,0.725026889,-2.00126284,-2.622323975,0.573646004
-0.468849714,-0.61495115,-1.276350783,-1.943415289,-0.416408743,1.330497122,-0.096542337,-2.314374336,-3.699053057,-0.027033061,-0.042918751,0.327173251,-1.7802807,1.176154731,-2.049261626,-1.925391664,-0.002549452
-2.344248571,-0.268399421,0.157769495,-1.267650627,0.358605373,1.10733775,0.451968106,-2.119944349,-2.695408488,-0.165696761,-1.246016436,0.901692448,-0.259865979,1.380619986,-1.157702076,-1.248902701,-1.158000429
-3.862013228,0.231044552,1.676762961,-0.621649374,0.991075256,0.245918405,0.296656793,-1.785875435,-1.529337023,-0.716853165,-2.067420926,0.764739654,0.972429453,1.282798898,0.022656144,-0.595954563,-0.62005692
-3.237243725,0.219176755,3.239375921,-1.344088472,1.420391548,-0.380861347,0.189382322,-2.011614598,-0.451749804,-0.706357977,-2.843435863,-0.49335649,1.534917369,0.269295702,1.195313065,0.033452751,-0.284954144
-1.092528869,-0.497299918,5.18820624,-1.79730401,1.741957868,-0.264145773,0.38223267,-2.359772642,0.954806753,1.343066068,-2.807929519,-0.72912896,1.171384308,-0.79062456,1.010123717,0.419398377,0.316871779
0.123481931,-1.443220652,6.595859095,-1.411732582,1.983834106,0.279654141,0.313575134,-2.010988415,2.667422773,1.237796149,-1.080564195,-0.201348799,0.272327515,-1.103652043,0.114803068,0.537721996,1.594485556
0.802496255,-1.713311159,6.089577228,-0.963252131,2.150509842,0.910764152,0.132675416,-1.325004355,3.785205161,-0.180326417,1.153041062,-0.352842626,-0.002685676,-0.862360025,-0.255486078,0.562501812,1.986645683
0.737347952,-0.663630253,3.634465041,-0.539123559,2.183059313,1.253559505,0.162903477,-0.716353961,3.994823655,-0.229303963,2.453232126,-0.865488242,-0.034376649,-0.789473724,-0.619148527,0.488781861,1.102304601
1.811340902,0.746855816,0.842817361,0.234725063,1.981589314,1.242683507,0.146547518,-0.114278495,2.99776396,-1.218713988,2.725569443,-0.938341787,-0.614052889,-0.187586322,-1.549930966,0.454709614,-1.079595044
1.068813796,1.526325423,-1.089304474,0.827287469,1.471460544,1.097670196,0.006889186,0.502512285,1.103515161,-1.20503844,1.944063835,-0.060093046,0.087123319,1.006598179,-2.060007623,0.448514661,-2.586800346
-0.502377921,1.609913362,-1.909794568,1.069453384,0.770524534,0.818821685,-0.095593316,1.183173785,-0.780581957,-0.231848251,0.658057006,1.006447239,2.273155902,1.216434003,-1.266594845,0.18399013,-1.818865702
1.74237638,1.071665017,-1.553741198,0.9693401,0.248610611,0.468272148,-0.126301747,1.836596301,-2.384273184,0.221353063,-0.601045531,0.69811798,0.975867118,0.672855642,-0.350140402,-0.200716506,-0.69491998
2.390043195,0.465652462,-1.12420007,0.834728321,0.139738244,0.143804866,0.668860307,2.165968839,-2.882528662,0.28050776,-0.6269432,0.66087513,-1.944858906,0.168022104,0.369214547,-0.407627965,-0.786161428
0.475936977,-0.015642541,-1.498144825,1.039013534,0.340085847,0.051761695,1.607664236,2.040419041,-2.73821017,0.06774167,0.686974544,0.825277834,-1.92122496,0.552401439,0.568910991,-0.623831855,-0.161526728
-0.686646762,-0.470242551,-2.025718921,1.141156141,0.572421722,0.193653192,1.739636674,1.560136271,-1.969426112,0.305314569,2.083160852,1.52295068,-0.308745277,0.242059242,0.266769375,-0.818353407,1.15414636
-1.376564568,-0.500440505,-2.689918146,0.248930326,0.675120913,0.187711674,1.711142625,1.163449003,-0.947261584,-0.278599544,2.292538467,1.340742629,1.59593592,-0.534755282,0.241695382,-0.87968345,1.375354904
-1.50822411,-0.549361192,-3.462352864,-0.087937343,0.665019354,-0.002442064,1.570172067,1.336901842,0.475619973,-0.072830246,1.411102633,-0.606272065,1.488079185,-0.663648952,0.442287326,-0.921189641,1.002369231
-1.871582639,-1.166365803,-3.681189653,0.277340852,0.791850049,0.139701191,0.922307374,1.381987056,1.929916867,0.107496171,0.11557864,-1.985889702,-1.478625606,-0.095135803,0.812039173,-0.630646304,1.605762499
-1.098798371,-1.465929514,-3.23168706,1.041719299,1.053929406,0.504626179,0.068458359,0.518479965,2.275622761,-1.077506,-1.200260839,-1.079449162,-3.192301549,0.44882617,0.724638397,-0.027257797,0.621165476
0.119393125,-1.401668266,-2.126857004,1.66201579,1.283459293,0.487003034,-0.789960015,-0.834702649,2.136791664,-0.581687861,-1.618283979,0.580009179,-1.35959646,0.356375651,0.188502697,0.451612137,-1.47174835
0.749341782,-1.196322174,-1.074813929,1.319736592,1.390648066,0.017497266,-1.244365112,-1.74611278,2.222395028,1.117260501,-1.602544054,0.3476494,1.418036763,0.443071988,-0.148473858,0.713039191,-1.949662109
1.339220143,-0.4104506,-0.821672996,0.837434085,1.319937147,-0.415704823,-0.888002039,-1.724509449,2.38921184,1.978183979,-1.524576515,-0.906143784,1.656954472,1.08677311,-0.184652048,0.869771524,-1.18564613
0.400430366,0.765457756,-0.914235043,0.700116542,1.016329156,-0.774209951,-0.727348092,-1.286494068,2.110452167,1.150654282,-0.918406357,-1.107789339,0.346881872,0.843563031,0.047192837,0.971368768,-0.46140618
-0.044704275,1.579473823,-0.121690998,0.224578446,0.443346236,-1.154064261,-0.926618974,-0.892311534,1.33014458,0.641160595,-0.150352894,0.057273866,-0.529507818,0.341031166,0.346289753,1.149783439,0.668477922
0.059423975,2.187298256,1.724079023,0.186021303,-0.189123647,-1.350235045,-1.082211478,-0.566069913,0.484948545,0.25983542,0.424062879,1.298009796,-0.584725311,0.05639098,0.21581544,1.417405447,2.183672613
-0.102765315,2.935724365,3.399067631,0.349043609,-0.57298292,-1.384877114,-1.093271668,-0.224486796,-0.636263465,-1.276914578,0.46853732,0.232804912,-0.047375319,-0.017262545,-0.102803371,1.496081361,1.565519056
-0.945331866,2.896587816,4.075095872,-0.261106266,-0.659407376,-1.330497122,-0.488148049,0.367256642,-2.31019335,-1.80835275,-0.148614181,-1.324124305,-0.616631138,-0.567362312,0.067162481,1.188811649,0.14966357
-1.709938522,1.473177023,4.201666339,-0.262459148,-0.706547988,-1.255170764,0.189335457,1.147481323,-4.018968194,-0.364469267,-1.129248151,-0.430592642,-1.510424006,-0.163802371,0.483211665,0.696312816,-1.002401328
-0.752612826,0.403927842,4.214678256,-0.200226566,-0.907456789,-1.279742464,0.427598195,1.496265551,-5.006699317,0.328849234,-1.418057484,1.757981261,-0.426592726,0.29077798,1.196029465,0.320279115,-0.985200851
-0.718266859,-0.393902121,3.913629809,-0.944988221,-1.330038707,-1.438451476,0.159716643,1.380108506,-4.565512749,0.279235616,-1.347776886,1.360328511,1.494095098,0.558922845,1.710046321,0.236027743,0.823812623
-0.767605114,-1.093407544,2.801702344,-1.212182456,-1.82950472,-1.437645846,0.066126814,1.332205465,-2.759611011,-0.499316535,-1.162192181,0.30120712,1.295140243,0.40164188,1.405934606,0.4163009,2.490514024
0.870915603,-1.433074139,0.840747283,-0.376101253,-2.19877285,-1.150438929,0.205035303,1.299957014,-0.725708006,-1.265147246,-0.60864096,-0.469170893,-0.077025179,-0.230550879,0.1773985,0.573652729,1.313175847
2.381320409,-1.441287982,-1.135289772,0.417364161,-2.517533182,-0.898679709,0.148047205,0.913601774,1.000077763,-0.716853165,0.180277055,-0.071666522,-0.534449462,-0.751879737,-0.994721121,0.527190575,-0.652683302
3.595968274,-1.262999258,-2.686369441,0.759643359,-2.639874295,-0.910764152,0.191444391,0.082030043,2.383724445,-0.052475942,0.797245534,-0.884480612,-0.844161582,-0.684747618,-0.504345459,0.24717866,-1.058142092
2.443470255,-0.657832245,-3.605483953,1.188507018,-2.548960257,-0.76897336,0.390855869,-1.044474132,3.924036258,0.491683671,1.212706361,-2.747365042,-0.734586014,-0.02915452,0.275097523,-0.07124197,-0.888833483
0.549808066,-0.250643024,-3.455846906,1.49628772,-2.392947278,-0.413590046,0.789397633,-1.952127163,5.412766557,0.213720198,1.715285846,-1.574586186,0.570115235,0.430029176,0.369751846,-0.270719484,0.046419382
-0.60296254,-0.693465832,-2.384138093,0.683205514,-2.204946026,-0.156644586,0.878628997,-2.088008989,5.461055634,-0.892727079,2.243488466,0.457300662,1.362604417,0.379008765,0.253784629,-0.370458242,0.924273183
-0.56970692,-1.16684897,-1.138690614,0.314545113,-2.051177838,0.188341072,0.101556915,-1.34535532,3.427426998,-0.564195881,2.3287769,2.028622535,-0.330982672,0.085161889,0.550642796,-0.421876359,0.112503422
-0.466941605,-0.931546507,-0.46251451,1.009926567,-1.700990431,0.884178378,-1.026723067,-0.344714035,0.873867675,-0.244251655,1.816314206,2.317662668,-1.84602604,-0.437317806,0.918782743,-0.525951584,-0.113752484
-0.60105443,-0.029775183,-0.089013342,1.060659649,-0.98770807,1.647512331,-1.807122579,0.023481882,-1.677496691,0.040390573,1.2906739,1.07959754,-0.544869883,-0.50521715,0.332319957,-0.733482539,0.380126894
-0.724263774,1.093407544,0.291733097,0.88952005,-0.137493453,2.124042182,-2.005081235,-0.222608246,-3.159093377,1.062240272,1.026023523,0.504336454,1.312758276,-0.660196443,-1.239729853,-1.036415783,0.26001287
-0.173637947,1.212266694,0.096406477,0.848257143,0.725067515,2.337936814,-1.452634115,-0.664067636,-4.165481644,0.591865014,0.624014841,-0.016321568,1.298577908,-0.806352657,-2.089738215,-1.477496499,0.080964533
1.166672545,0.833342758,-0.559956026,1.030896241,1.450696227,2.176005285,-0.112335913,-1.195697455,-4.875001834,0.308494929,-0.201507652,-1.071881889,0.178651147,-0.631425534,-1.467186789,-2.06291964,0.178846085
0.515462099,0.727529125,-0.869728372,1.114098497,2.165100984,1.643081369,1.348405883,-1.60240366,-4.648921155,1.413352026,-1.206849645,-1.832170206,-1.18212701,-0.153061232,0.136653262,-2.680556542,-0.873846508
-1.649424198,-0.181036738,-0.064468135,0.495831328,2.840221898,1.234224397,2.131054925,-1.535402022,-2.941792529,0.350475682,-1.684904129,-1.833950741,-0.641769062,-0.833205504,0.788756179,-3.075175104,-2.043936339
-2.494716619,-1.620543042,1.632995603,0.763702005,3.313311615,1.211666771,2.266026736,-0.748289321,-0.81666158,-0.95156374,-1.771290698,-1.117433902,0.870051496,-0.924505187,-0.197636795,-2.802597133,-0.513116341
-0.017718158,-1.347070364,2.507751306,0.248930326,3.510853229,1.249128543,2.168547095,0.385729056,1.388310968,0.005406612,-1.953214954,0.419167544,1.014970556,0.079407707,-1.033764911,-1.836184329,1.90540692
2.162705601,-1.017067115,1.617026432,-1.612635589,3.577074565,0.932918963,1.475504338,1.060128721,2.729979077,0.222943243,-1.946626148,0.920091306,1.309320611,0.036443151,-0.308231014,-0.693834834,2.079430604
1.742648967,-1.305034811,-0.312581737,-2.571152632,3.436775124,0.365252275,0.247916972,1.180982142,3.129461443,0.208949658,-1.170245167,1.565090001,0.79506743,-0.210603049,0.574642189,0.334527509,-0.022508897
1.054911857,-0.62292341,-2.663302861,-2.697647118,3.013632008,0.003247694,-1.021286702,1.159065719,2.663581596,0.359380691,-0.363299446,0.776609885,-1.075559399,0.244744527,-0.217069139,1.126242614,-1.764410832
0.029166814,0.618091737,-4.143704163,-3.258416793,2.48273892,-0.003877092,-1.789126338,1.157813352,1.786695854,-0.065515418,-0.388373513,0.064692761,-1.199315335,0.491407114,-1.448918594,1.575996266,-0.617505997
-0.942060821,1.683354787,-3.358257527,-3.106893986,2.05061664,-0.207651004,-1.416454171,0.879474771,0.842863892,-0.242343439,-0.270781627,0.177311581,-0.352253223,0.199478298,-1.631600543,1.807068045,0.912420497
-0.852924858,2.556438054,-1.102612116,-1.779716542,1.740274275,-0.766355064,-0.846385731,0.52286325,0.013718488,-0.575963213,1.04725412,-0.494098379,-0.467092716,-0.106644167,-0.978243926,1.850432722,0.100612099
-1.076991408,3.009648958,0.782341519,-1.556490978,1.439472272,-1.160106483,-0.965985752,0.641211937,-0.209344124,0.303406353,1.693689204,-0.773939083,-0.87531542,-0.304204404,-0.430735379,1.548738469,-1.173228133
-1.319048702,2.387329508,1.503467882,-1.975208021,1.115099963,-1.172996555,-0.966735596,1.162196636,-0.060224162,1.426391502,1.075805613,-0.047777681,-0.165437622,-0.330290027,-0.3558716,1.15102243,-1.190841059
-1.848140153,1.358666378,1.459109074,-1.475994487,0.654917794,-0.756788213,-0.68048288,1.825638089,-0.028534455,1.125211401,0.477505418,-0.45462986,0.971999745,-0.067899344,-0.538105799,0.832601801,0.234566066
-2.026684666,0.545133478,1.528900266,-0.510713033,0.112239553,-0.411374564,-0.603623932,2.319696896,-0.15158929,1.019941482,0.370437319,-0.596924258,0.586766424,-0.622218844,-0.635894372,0.505508236,1.461557897
-0.433413399,-0.217153492,1.515888348,0.737997243,-0.364778548,-0.766757878,-0.645427701,2.163464105,-0.390839718,-0.199726614,0.515757097,-0.209954717,-0.707944111,-0.168022104,0.132892163,0.154873847,1.85951678
0.674107758,-0.954376161,0.837642167,1.706660903,-0.618439939,-1.301897275,-0.707477242,1.293068995,-0.859874817,-1.00340361,0.771622399,-0.755688602,-0.820957344,1.148534659,0.567478191,-0.179034167,0.597997732
1.788171003,-1.549517452,0.160874612,2.63744386,-0.709353977,-1.393739038,-0.610185062,-0.236384284,-1.360873992,-0.441752017,0.481623421,-0.185472365,-0.303803634,0.589611814,0.289604619,-0.383467645,-1.340661865
2.000788897,-1.847631661,0.503620339,3.87600752,-0.809808377,-0.94621185,-0.248198163,-1.890134993,-1.439892482,0.277645436,-0.24570756,1.88261869,-0.123863363,0.148074275,0.165488354,-0.470816495,-2.343032701
0.172275011,-1.698332973,1.517662701,4.643768172,-0.930465897,-0.028121505,0.104275097,-2.593652192,-1.067847092,1.255288129,-0.800173892,1.20838955,0.865324706,0.062528774,0.140414361,-0.654806625,-1.135311735
-1.261805423,-1.445636488,2.481727472,3.959209775,-1.188055672,0.76353536,0.412038945,-2.533538573,-0.313330262,1.223802564,-1.255533601,-0.82765188,1.098333929,-0.528233876,0.027223192,-1.064912571,0.722759468
-1.994246808,-0.850857572,2.718899234,2.123348622,-1.466409765,0.825770239,0.913309254,-2.494715194,0.456825645,-0.27255686,-1.735418309,-1.072920535,0.498461408,-0.321850561,-0.332140857,-1.35111944,1.128018052
-0.758064567,-0.248106396,1.699829541,0.238783709,-1.572476142,0.495864958,1.667651708,-2.1218229,1.209421887,-0.706357977,-1.346312706,0.186807766,0.044474789,0.142703705,-0.888693951,-1.316427698,0.517725897
0.104946012,-0.190035729,0.20685991,-1.315677945,-1.565180572,0.436046968,2.383002306,-1.167206105,1.602868118,-1.037751499,0.169295711,-0.225979529,0.294564909,-0.199094685,-1.145523279,-1.002343537,0.151666073
-0.724536361,-0.419268403,-0.74892455,-1.869683208,-1.712214386,0.473810851,2.179044903,-0.606771843,1.527142065,-1.473778868,1.583509725,0.111728552,0.97758595,0.215590006,-0.524046453,-0.418159387,-0.372887135
-0.028076465,-0.42567037,-1.462066327,-1.741159399,-2.128061932,0.328998948,1.485627224,-0.928003995,0.90103028,-0.713036733,1.403415692,0.521548289,0.833848587,0.497544908,0.537747599,0.198238524,-0.634286001
0.858649186,-0.329157706,-2.32854172,-2.064498246,-2.405854826,0.295565324,1.059341255,-1.400146379,-0.089444541,0.024170737,0.499376593,0.131017678,-1.329516892,0.468773999,1.373696615,0.656045615,-0.483427252
1.504135304,-0.329882457,-2.924724106,-2.214668171,-2.36713218,0.424163933,0.214502076,-1.136836203,-1.064143101,0.371148023,-0.311229575,0.731799762,-2.52582427,0.334126148,1.986934844,0.939155007,-0.58637735
1.220372192,0.039408331,-2.628407265,-1.883212031,-1.97766093,0.467567222,-0.600249637,-0.015654588,-1.946379053,0.296409561,-0.036329945,1.27664338,-1.069543486,-0.260089011,2.006277638,1.092789864,-0.344702963
0.693188851,0.649739194,-1.479809851,-1.713425314,-1.289632468,0.139726367,-0.604748697,0.901078103,-1.930465607,-0.041662717,0.641401968,0.484602194,0.176287752,-0.936780774,1.017287715,1.148544448,0.56619665
0.652573381,0.560715623,-0.175956607,-1.218270426,-0.601042808,-0.371596608,-0.548135521,0.99437945,-1.133695834,-0.503451003,0.664554301,0.913711057,0.102592811,-1.20492564,-0.5373894,1.087214405,0.565312372
-0.336644998,0.085399816,0.568679925,-1.024808271,-0.119535124,-0.723958811,-0.946489824,0.893876993,-0.137459248,-0.684095456,0.107525655,0.537721479,-0.528755829,-1.284716959,-1.700733124,0.840035745,-0.101731328
-0.428506832,0.454781198,0.79993718,-1.478700251,0.152645793,-1.009453766,-1.181003345,1.082671328,0.608689305,-0.289730805,-0.556479579,-1.380507904,-0.062092822,-0.453045903,-0.657028166,0.354351362,-0.224987826
0.262228736,1.234492389,0.996890289,-2.007677193,0.321005123,-1.160106483,-0.819203908,1.234833926,0.367792659,0.027669133,-0.866427998,-1.786469816,0.451945505,0.665567012,1.941801656,-0.342580949,-0.745051762
0.971772809,1.287157622,1.157764901,-2.124701504,0.307536376,-0.902707857,-0.264600988,0.944910951,-0.299611774,0.013039476,-1.067020538,-1.419086156,-0.037169752,0.955577768,3.196575905,-1.072966011,-0.253096409
0.48029837,0.881055527,0.575925197,-1.596401003,0.180144483,-0.507445883,0.017000356,0.552920059,-0.408399383,1.517349801,-0.892417177,-0.60315613,-0.255461471,0.252033157,1.874818275,-1.679451996,0.385319094
0.259502865,0.091922574,-0.741679278,-0.792788973,0.083618467,-0.574413835,-0.033567208,0.458053254,0.23143089,2.256465487,-0.482630044,-0.324799205,-0.148571579,0.048718738,0.238382033,-2.111240281,-0.460974473
0.317836492,-0.635727343,-1.589228245,-0.035174937,-0.065660139,-0.779748654,-0.160466486,0.14715313,1.024359486,0.323760658,0.056462408,-0.035017182,0.321529093,-0.219042515,-0.211337941,-2.340453574,-1.199252927
0.446770164,-0.397405084,-1.343184721,0.326044612,-0.435489467,-0.500195217,-0.227905527,-0.512844313,1.201190794,-0.87746135,0.932682103,0.24704919,1.254747681,-0.834356341,0.0012537,-2.126727665,-0.807958221
1.412818645,0.480268272,-0.981216844,0.508683709,-1.044389044,-0.006394684,-0.511580655,-0.843469218,0.588111573,-1.06637474,1.015408224,0.425844549,0.856408263,-1.041506881,-0.153757307,-1.338110037,-0.1060819
1.439804762,1.146555945,-0.770512503,-0.06155614,-1.66114539,0.048564353,-0.796333684,-0.63808102,-0.166953997,-0.965239289,0.452156816,1.627408716,-0.131598109,-0.056774592,-0.592462634,-0.446656174,1.379494236
0.403156237,0.963314755,-0.329142359,-0.968663659,-1.879451321,-0.172832704,-0.732034613,-0.011271304,-0.60882649,0.310403145,-0.424703458,1.772225538,0.092602098,0.397038535,-0.890843151,-0.009292431,2.467997451
-0.911803659,0.749634028,-0.085316775,-1.430672933,-1.489418873,-0.098563734,-0.103478388,0.571392473,-0.921882382,1.164965903,-0.863133595,1.64402704,0.302514509,0.299601058,-0.517509305,0.03221376,0.705984279
-1.155223889,0.281324146,-0.072009132,-0.91387193,-0.676804507,0.334134836,0.633805129,0.626809716,-1.2165555,0.431574865,-0.45398704,2.845887962,-0.83374116,0.22901643,-0.091251424,0.230452284,-1.981920176
-0.577611945,-0.697814337,-0.076001425,0.310486466,0.280598883,0.97843703,0.685544323,0.280217131,-0.939030492,-0.543841576,0.357991796,1.194442028,-1.434795379,0.287325471,0.119907416,0.675869468,-2.085178406
-0.055062583,-0.957395956,0.005766645,1.432025815,1.221727538,1.524251018,0.463590678,-0.390112341,0.240622276,-1.023439878,0.669312883,-2.555660806,-0.17671746,0.11623447,0.316200961,1.069249039,-0.280111361
-0.02207955,-1.024797791,0.530974937,1.773628572,2.021434356,1.601188635,0.102822275,-1.24266122,1.473365593,-1.201540044,0.049690579,-3.312981565,0.830410922,-0.017262545,0.415153684,1.402537557,1.387609607
-0.796226753,-0.971890974,1.386952078,2.119966417,2.566357387,1.384071484,-0.339397866,-1.542916224,1.707677365,0.19527411,-0.733004675,-2.587116919,0.131060974,-0.073653525,0.415064134,1.687505436,0.703302158
-0.495290657,-0.357906159,1.854198194,1.716131078,2.846395073,1.071890052,-0.704102947,-1.004398386,1.390505926,2.059283161,-0.925727252,-2.006662607,-0.532300921,0.463787042,-0.039312439,1.912382261,-0.330803119
0.781507053,-0.087000308,1.656062183,0.789406767,2.84976226,0.952254071,-0.454592558,-0.277712397,0.791968302,0.824667372,-0.587867919,-1.699223615,-0.431104661,0.680144272,-0.661057915,1.988580194,0.173999009
1.09525474,0.152378879,1.292319954,0.919283459,2.75660343,1.03442828,0.469964347,0.261118533,0.204542653,-0.755017486,0.027727892,-0.426586439,0.39286064,0.13081173,-1.338593025,1.876451529,0.501649623
-0.295211768,0.36793188,1.4035127,1.090423058,2.643802679,0.798378836,1.156258513,0.656553434,-0.030180673,-0.555608909,0.715434525,1.519389611,0.60030223,-0.271213762,-1.935354058,1.588386174,-0.120206143
-2.766213314,0.201752535,2.042870993,0.298986967,2.333460314,0.281366104,1.384585827,0.512531221,-0.122780466,-0.026396989,1.478088828,2.617386009,0.099907136,0.351388693,-1.446052995,1.124384128,0.053650716
-3.014812698,-0.179617435,2.434411409,-0.240813033,1.653849819,-0.163240678,1.505123152,-0.241706844,-0.472464721,-0.919760139,1.34118808,1.941376335,-0.351501234,-0.032990642,-0.798427576,0.672771991,0.698273734
-1.598450421,-0.681990609,1.65369638,0.311162907,0.764912556,-0.531312656,1.237991443,-0.705082658,-1.368007606,-0.677734736,0.566728833,0.371538241,-0.85544142,-0.297682998,-0.684520008,0.344439435,0.016026218
-0.940152712,-1.394903924,-0.355757644,0.691322807,-0.07800649,-1.010259395,0.5037073,-0.258300707,-2.225687465,0.018764125,-0.283501683,0.342456174,-0.602987905,-0.052171247,-0.657386366,0.063808025,-0.661070696
-0.30611525,-2.153959714,-2.054108558,0.158963659,-0.749760216,-1.844488745,-0.25958641,0.603327834,-2.315680745,-0.526349596,-0.638656633,0.514129395,0.152438952,0.140785645,-1.115792688,-0.35992682,-0.958415755
1.034467829,-2.049112415,-1.999695086,-0.520183208,-1.11061038,-2.575597518,-0.718537432,0.917671967,-1.359776513,-0.833890417,-0.340330136,0.753908068,1.355729087,-0.09628664,-1.027317312,-1.152261421,-0.394922972
1.036375938,-0.826095249,-1.112518917,-0.581062907,-1.322181939,-2.426958874,-0.960361927,0.680348408,-0.108787608,-0.94361284,0.334747953,1.122478751,1.244004978,-0.58884459,-0.813471972,-2.177526287,1.563678684
-0.431232702,0.376024932,-1.063428502,-0.426834336,-1.610076393,-1.509346872,-1.293667315,0.785860333,0.925723559,0.14820478,0.445110454,-0.018547236,-0.872952025,-0.631041922,-0.946722335,-2.904813872,1.73297686
-1.114881007,0.628842209,-1.897374101,-0.144081955,-1.755426614,-0.542994284,-1.759132602,1.250175423,1.448672314,0.823077192,-0.216881533,-0.61858743,-2.137368139,0.186051874,-0.082833727,-3.015084051,-0.195971374
-0.350819525,0.397767459,-2.66271141,0.659530075,-1.656655808,0.421042118,-1.961590318,1.316550877,1.878884093,0.670737944,-0.67983667,-0.615619873,-0.282425655,0.558539233,1.151970877,-2.595685674,-0.937692612
1.181664832,0.312246852,-3.189694055,0.591885965,-1.31432517,1.596354858,-1.669151395,0.87039511,2.283305114,1.080368324,-0.738678369,-1.727118659,1.633320526,0.365965954,0.837829565,-1.833086852,-0.57967907
1.072084841,0.173759031,-3.261259599,-0.421422807,-1.018573947,2.376204216,-1.149884845,0.025673525,2.027592501,-0.255382916,-0.670411017,-2.38294894,1.661681261,0.208301376,0.17748805,-0.768174281,-0.558922626
0.46557867,0.626426373,-2.408387575,-0.725144862,-0.928221106,2.362911329,-0.483086607,-0.869142743,1.048778394,-1.979774159,-0.533876314,-1.17812046,1.362174709,0.108562227,-0.173547851,0.289304346,-0.134440399
0.755338697,1.817192123,-1.137803437,-1.671485965,-0.849653419,1.894034959,0.185117588,-0.877909313,-0.344882784,-1.348154644,-0.233902615,-0.899466779,0.976296826,-0.304971628,0.207308192,1.064912571,0.47110996
-0.072780741,2.416319544,0.126866192,-2.668560151,-0.777258907,1.208444253,0.443719828,0.232000999,-1.219847938,0.618898074,0.162798417,-1.130787912,0.761979906,-0.756866694,0.794129178,1.615643971,0.581448828
-0.065693477,2.409072035,1.436633944,-3.253005264,-0.691395649,0.095517448,0.496208866,1.067329831,-1.245638695,1.188500567,0.443646275,0.302542521,-0.115376628,-0.377857929,0.770129784,1.787863688,0.732604877
0.184541428,1.905611734,2.429679803,-3.613548372,-0.466916542,-1.221334325,0.569506058,0.869455835,-0.738877754,0.843431497,0.340147113,2.710567325,-1.552535401,-0.124290324,0.60607423,1.471921041,-0.115025618
0.266590128,0.60033534,2.91289509,-3.377470427,-0.131881475,-2.089802928,0.776275374,0.349097319,-0.129228155,-0.394046616,0.152457652,2.469601629,-1.41631793,0.299601058,0.903380147,0.949066934,-0.537355328
1.897478408,-0.650463944,2.97381452,-2.067880452,-0.133565068,-2.212661427,1.311663557,-0.071698014,0.037588657,-1.125211401,0.28551493,0.904511628,0.203789071,0.670170357,1.485096784,0.537721996,0.763208333
2.190782066,-0.736226136,2.754977732,-0.290869674,-0.587574062,-1.817500156,1.461819696,-0.405766929,0.049798111,-0.485004914,0.719552529,-0.21321903,1.417607055,0.664416176,1.736553114,0.07124197,1.523211362
1.360481933,-0.21718369,1.98727462,1.055248121,-1.158312191,-1.052554944,1.145573245,-0.722615797,0.111256936,-0.076646678,0.730991429,-0.025669375,0.786795549,0.525548592,1.233998654,-0.551350895,1.022261458
0.731623624,-0.167689243,0.663459912,2.04217569,-1.643748259,0.086353412,0.791834624,-0.897634094,0.15776261,1.030754707,0.072568378,0.05208064,-1.194588546,0.197560237,0.844277164,-1.141729999,0.66129337
-0.338280521,-0.664596587,-0.542212502,2.197080702,-1.943427866,1.046109908,0.471464034,-1.147794415,0.083819961,1.303947639,-0.500017172,-0.882254944,-2.184636031,-0.410464958,1.268027645,-1.621838925,-0.892481729
-0.800588146,-1.01610078,-1.002656934,2.068556893,-2.078676528,1.111768713,0.466777513,-1.574538493,-0.037725842,0.782686619,-0.540099075,-3.093382286,-1.406434644,-0.722725217,1.895593869,-1.88574396,-2.12433536
-1.05000529,-1.080362028,-0.461035883,2.286370928,-2.021434356,0.469279185,0.384857122,-1.725135632,-0.35462291,-0.463696502,-0.674071465,-1.109273118,-0.6729229,-0.448058945,1.160209475,-1.849813227,-1.344291254
-1.287428605,-1.223379541,0.461331608,2.460892732,-1.685838091,-0.138543098,-0.189663513,-1.350051696,-1.013521881,-1.348790716,-0.814449639,2.160382103,1.112084589,-0.262390684,-0.305902714,-1.515285718,-0.743479401
-1.380380787,-1.109352064,0.991567232,2.043528572,-1.12576272,-0.187006748,-0.253400202,-0.669703288,-1.582016016,-0.251248447,-0.585397117,1.908733199,2.286906561,0.567745924,-0.860754359,-0.951544915,-0.049016285
-0.889996696,-0.671964888,0.941589641,1.639016792,-0.529770692,0.190682433,0.336867145,0.279904039,-1.222591635,0.228349855,0.044931997,0.935819363,1.129702621,1.189964767,-0.159219855,-0.307889208,1.648213426
-1.074265537,-0.460337622,0.384295144,1.221652632,0.065098941,0.240077592,0.745156873,1.229824458,-0.087798322,0.33075745,0.520790213,0.222270082,-0.51607944,0.382077662,0.789114379,0.39895503,2.912038255
-0.761880786,-0.591155161,-0.625607062,0.83405188,0.740219854,-0.099621123,0.803269736,1.573912309,1.721395852,0.563241773,0.26950047,0.507897523,-0.788192101,0.151143172,0.869709356,1.24642472,2.040044556
0.655026665,-0.221532196,-1.435451042,0.663588722,1.556201407,-0.211074929,0.552634581,1.589566897,2.948926143,0.952199812,-0.533418758,1.632156808,-0.650470651,0.095519416,0.640819621,1.980526754,0.197019989
1.026562805,0.242247993,-1.581539385,-0.16572807,2.284074911,-0.029279597,-0.089383676,1.647175782,2.942341269,0.772191431,-0.392216983,0.807620864,-0.569255819,0.185668262,0.027491842,2.347268023,-1.567028425
1.854409655,0.629808543,-1.708109852,-0.758290476,2.675229754,0.226180483,-0.752655307,1.48906444,1.860775689,-0.521897092,0.735566988,-0.78610607,-0.182733374,-0.405478001,-0.546881697,2.298947383,-2.136724871
1.740468271,0.792031956,-1.845326433,-0.581062907,2.717880784,0.40714501,-1.179691119,1.134644561,0.530356739,-0.430302721,1.46527726,-1.421460202,0.395116607,-0.365965954,-1.025884513,1.801492587,-2.216463492
-0.588242839,0.832497215,-1.94942177,-0.462685714,2.469270174,0.238768444,-1.661652961,0.75517734,-0.794849185,0.537798892,1.209045913,-1.279017426,0.971570037,-0.220193352,-1.192089266,1.027742848,-1.072381203
-0.725081535,1.467379015,-2.180087574,-0.606767669,2.07811533,-0.035548402,-1.754633542,0.107077384,-1.648962237,0.105587955,0.725958313,-1.896269456,0.712456046,-0.452278679,-1.378711414,0.284348383,0.562468161
0.095132878,2.115306332,-1.947647418,-0.467420802,1.747008648,-0.088090551,-0.980607698,-0.857245256,-2.041859728,0.043888969,0.075222203,-1.345490722,0.274261201,-0.10549333,-1.744791711,0.00805344,1.648439711
0.454130014,1.781437744,-1.352056482,0.043968672,1.442278261,0.140582348,-0.244870733,-1.517242699,-1.835533671,0.219126811,-0.431841331,1.480811359,-0.469241256,-0.576952615,-1.914220264,0.283728887,0.724787609
0.350274351,0.743594437,-0.374092618,0.089966667,0.94730183,0.638964899,-0.15240567,-1.599898926,-1.032727764,0.066469526,-0.621818573,1.956807635,-0.517690845,0.541276688,-1.330354428,0.698790797,-1.239168578
-0.180997797,-0.335559673,1.201975847,-0.083878697,0.286772059,1.191526033,0.175182163,-1.360070633,0.107827314,0.668193656,-0.430194129,0.859256371,0.211201536,1.456575184,-0.188323597,0.93481854,-0.579379362
-0.715540988,-1.022865122,2.57931685,-0.140023308,-0.351871,1.259198911,0.697166895,-0.965888099,1.013247511,0.516172443,0.055455784,1.092803172,1.048487788,0.856989455,0.516792905,1.084736424,1.372492236
-0.776055312,-1.095823381,3.021722034,-0.27598797,-0.793533642,0.860412308,0.511205734,-0.509400304,1.113392472,-0.670419908,0.412715491,0.404626511,0.373738629,0.080174931,-0.301156566,1.162792842,1.475749665
-0.868734907,-1.070698682,2.607706488,-0.692675689,-0.960209379,0.545008358,-0.276317291,0.020977148,0.660682374,0.262061672,0.099106625,-1.371605231,-0.456135159,-0.239757569,-1.695718325,0.922428632,0.573886732
-1.460793964,-1.115150072,1.956519179,-0.82187594,-0.925415117,0.320237727,-0.87263025,0.483726779,0.268333622,0.80494914,-0.707747585,-1.340149118,-0.823750447,-0.705846284,-1.698225725,0.327093565,-0.790944309
-1.067178274,-1.347070364,1.470346638,-0.978133835,-0.671753727,-0.158054438,-0.97648356,0.42893572,0.122643281,0.459243998,-1.567403754,-1.110163386,-0.784539582,-0.947521913,-0.878664354,-0.329571546,-2.061980571
-0.249144557,-1.648083576,1.073631028,-0.5398,-0.401817601,-0.955879404,-0.759028975,0.122418881,0.069278364,0.916897815,-1.566671665,-1.498023194,0.825361852,-0.228632818,-0.166562953,-0.913136201,-1.792229056
1.457795507,-1.105969893,0.769329602,0.609473434,-0.331106682,-1.579033824,-0.199552073,-0.076707483,0.221553578,-0.435391297,-0.56956568,-0.695002045,2.021346949,0.809421554,0.630163174,-1.274302012,-0.785113856
1.968351039,0.129428434,0.448911142,0.624355138,-0.200908801,-1.800581937,0.284799894,-0.327493988,0.241171016,-1.729479819,0.647258685,-0.3617453,0.831914901,1.002762057,0.702698653,-1.182616695,0.081260228
0.458763994,1.20405285,0.065798899,0.171139599,0.189123647,-1.870671703,0.387294113,-0.793687627,-0.141986349,-1.945744306,1.60071383,-0.270196141,-0.60030223,0.566595088,0.365274348,-0.79109561,0.714157424
-0.227337594,0.929009879,-0.320714185,0.324691729,0.649305816,-1.601188635,0.568193832,-1.209786585,-0.712949812,-1.118532645,1.29909293,1.582895348,-1.756217045,-0.286558247,0.446764825,-0.466480027,1.258997413
-0.460672103,0.23578563,-0.743010042,1.214888221,0.915313558,-0.733827773,1.238928748,-1.145915865,-1.343863067,-0.011767332,-0.00997472,2.016158792,-1.207479789,-0.269679314,1.182059669,-0.105933711,1.323442531
-1.411728297,-0.034184085,-1.240863736,1.799333334,1.046072637,0.355383314,1.476066721,-0.31027394,-1.502448787,-0.232484323,-1.292504124,-0.341417529,0.776697409,0.178763244,1.601869951,0.425593331,0.247684985
-0.592331645,0.441010931,-1.44846296,1.493581955,1.102753612,0.922848594,0.998229018,0.989369981,-0.887311793,-0.259199348,-1.102892927,-0.680164255,0.629414954,0.197560237,1.196387665,0.963934823,-0.571889486
1.082170561,0.828027918,-0.976780963,0.982192481,1.108926787,0.93855837,0.803644657,2.072980584,0.132932147,-0.1307128,-0.219535358,0.089768624,-1.326938644,0.235921448,0.650311918,1.245185729,-0.592851752
0.360087484,0.784422072,-0.183349742,0.628413785,1.085356481,1.032414207,0.943115529,2.516318525,0.799650655,0.397863048,0.98063397,0.635057376,-0.826436122,0.130044506,0.629178124,1.196865089,-0.713913887
-0.624224329,0.967180094,0.404995921,0.53371203,0.979290103,1.481149839,0.74684402,2.202287484,1.040135747,0.786821087,1.53336159,1.425614783,1.636758191,-0.361362608,0.885111952,0.89579033,0.210722796
-1.099888719,0.888303036,0.431167618,0.482978947,0.757616985,1.725255578,0.382795053,1.643418681,0.964409694,0.052475942,1.272005616,1.258838033,1.409442601,-0.756483082,0.634998872,0.387804113,0.624060642
-1.99779044,0.19725304,-0.387400261,0.491772682,0.528087099,0.992535546,-0.059155614,1.000328193,0.825715782,-0.758833919,0.505050287,0.451365546,-0.519946813,-0.729246622,0.199785994,-0.179034167,0.075271577
-1.129873294,-0.43497134,-1.474486794,0.921312782,0.448397016,-0.351556574,-0.367048341,0.217598778,0.522125647,-1.132208194,-0.450601126,-0.054454686,-0.907973236,-0.11815253,0.233546335,-0.550731399,0.302837769
1.119242399,-1.009336438,-1.98727462,0.837434085,0.378808493,-1.492428652,-0.514580029,-0.485292238,-0.239387613,-1.121713005,-0.811887325,0.340378884,-0.508237267,0.726561338,0.585209086,-0.782422674,0.347458907
1.637157781,-1.594452009,-1.961842236,0.301692732,0.259273368,-2.176408099,-0.818079143,-1.078914227,-1.206678189,-0.084597579,-0.361286199,0.457894174,-0.180369979,1.146616599,1.181343269,-1.113233211,-1.007981423
1.678863599,-1.628273718,-1.796236018,-0.189403509,0.17341011,-2.498257085,-1.142386411,-1.46057309,-1.595185764,0.325350838,-0.134521457,0.300465231,0.551745213,0.803667372,1.487604183,-1.460150628,-0.742787707
0.109579991,-1.329193175,-1.384586275,0.171139599,-0.00505078,-2.178019358,-1.289168255,-1.478732412,-1.326303403,-0.160926221,-0.480250753,0.18576912,1.250880308,-0.101657209,1.125822285,-1.693080894,1.407879778
-1.447709786,-1.548551118,-0.193552268,-0.457274186,-0.181828076,-0.757493139,-1.486564528,-1.173154848,-0.684003803,-0.621760398,-0.453071928,-1.378727369,0.856837971,-0.716203811,0.616462027,-1.756269424,1.780547287
-0.375079771,-1.65098258,1.554332649,-2.059763158,-0.32156632,1.052554944,-1.307726879,-0.871334385,0.147610929,-0.676462592,0.288443288,-2.373452755,0.25406492,-1.024627948,0.325245509,-1.502276315,-0.714482007
1.053276335,-1.007403769,2.891602862,-2.307340602,-0.420898325,1.961305022,-0.679545576,-0.824683712,0.908301079,0.550838368,1.429404872,-2.195399285,-0.737486544,-0.954043319,0.17695075,-1.095267845,-1.735404611
0.421692156,0.609757102,3.417402605,-2.297193986,-0.451764202,1.73049217,0.193178404,-0.910157765,1.574882402,1.544382862,1.773120922,-0.027153154,-1.010243767,-0.344483675,0.290500119,-0.634982772,-1.146086758
0.621771046,1.987267004,3.40557359,-1.653898497,-0.427632698,1.167759963,0.983419611,-0.641838121,1.718652155,1.035525247,0.850322027,1.78825035,-0.014395222,0.427727503,0.047909237,-0.07124197,0.041169206
0.661841341,2.848271088,2.955479546,-0.378130577,-0.286772059,0.834229349,0.987168828,0.063557629,1.250028611,-0.491683671,-0.668580793,1.030632836,0.741568771,0.925272411,-0.595507333,0.452231633,1.776596125
-0.812309389,3.527604278,1.65369638,0.58850376,-0.225601502,0.694855445,0.176400658,0.745158404,0.57453027,-1.569825743,-1.749328011,-1.442233107,-0.116665752,0.484502096,-1.312444433,0.812777948,1.131213327
-0.284035699,3.455612354,-0.291141646,1.136421053,-0.384981668,0.519228214,-0.010134602,1.096760457,-0.226492234,-0.731482822,-1.527138829,-1.711093847,-1.033448004,0.207917764,-1.722941518,1.23155683,-0.131748168
-0.026168356,2.389262177,-1.717573064,1.21421178,-0.704303197,0.380156421,0.378530318,1.306531941,-0.840668934,0.356518367,-0.811521281,-0.277911791,-0.680657646,-0.249731484,-1.797088897,1.87892951,0.119867959
-1.284975322,0.699626215,-2.188959336,1.382645614,-0.975922916,0.108180937,0.195334204,1.357252807,-1.014482175,0.373374275,0.013269123,0.886706281,-0.878967939,-0.557388397,-1.609033949,2.433997378,-0.670985113
-0.397977083,-0.332660669,-1.922806485,1.331236091,-1.134741884,-0.386097939,-0.010275198,1.217613879,-1.219847938,0.708266193,0.548518105,1.290887658,-1.04118275,-0.378241541,-1.025526313,2.650820763,-0.784424569
1.809432793,-1.010302773,-1.116954798,0.559416792,-1.219482747,-0.606941126,0.278660551,0.87916168,-1.545799208,0.223579315,0.311504109,1.023362319,0.711918911,-0.382844886,-0.685505058,2.650201268,-0.019557497
2.213679378,-1.843283156,-0.027354599,-0.285458145,-1.141476258,-0.578039168,0.41747531,0.20382274,-1.420686599,0.142480132,-0.023518377,0.312038706,2.468673092,0.239373957,-0.529061252,2.314434768,-0.933342642
1.822789558,-2.456422428,0.681203436,-0.526947619,-0.992197652,-0.734431995,0.076273133,-0.419856059,-0.552443505,0.495818139,-0.021230597,-0.073298678,0.826758404,0.130044506,-0.603835481,1.45457517,-1.492524854
1.097162849,-2.55885389,0.740496376,-0.951752632,-0.797462027,-1.257587652,-0.214080289,-0.782729416,0.902539314,0.704449761,0.028185448,0.295123627,-0.69064836,-0.697790429,-0.578492838,0.351253885,-0.078125898
-1.083533497,-1.547101616,0.285522864,-1.400909524,-0.668947738,-1.942372729,0.071715491,-1.168458472,1.936501742,0.693000465,-0.110362502,0.635799266,-0.678294252,-0.303053567,0.069311681,-0.68763988,1.151145274
-1.44280322,-0.305844885,-0.71713407,-1.021426065,-0.643132641,-2.194937578,0.492459649,-1.241721945,1.996863088,-0.241389331,-0.332460173,0.10698046,-0.168982714,-0.104342494,0.396527289,-1.586527687,2.256274426
-1.40218775,0.343290349,-1.391092234,-0.535064912,-0.584768073,-1.707934544,0.1546552,-0.65592725,1.409711809,-0.519988875,-0.56883359,-0.29912983,-0.126549038,0.524397755,-0.347274803,-2.24567078,2.616015198
-0.785868446,0.48944845,-1.098176235,-0.648030577,-0.218305931,-1.060208424,-0.432847099,0.012836762,0.570826278,-0.039754501,-0.606170158,-1.33718156,0.145778476,0.249347872,-0.755801788,-2.567188886,0.334957176
0.529091451,-0.004378703,-0.791213281,0.046674436,0.426510303,-0.591533462,-0.485711058,0.247655587,-0.250499588,0.439525765,-0.410427711,-1.956807635,0.451086088,0.372103747,-0.32103666,-2.554798978,-1.812583081
0.107399295,-1.059102668,-0.668043656,0.786701003,0.891743251,0.176508389,-0.084872899,0.253917422,-0.91310255,0.859651334,-0.227771365,-1.327091863,-0.091312973,0.490256277,0.493151712,-2.165136379,-1.949227192
-1.272163731,-1.197288508,0.131745661,0.654118547,0.893426845,1.292229721,0.110648766,0.40952403,-1.340021891,0.938524264,-0.018485261,-0.200161776,-1.287405497,-0.276584332,0.460913721,-1.505373792,-1.771461378
-2.067027549,-0.485341528,1.394049488,1.353558647,0.460743367,2.067648117,0.133565855,0.496563541,-1.348252984,0.700315293,0.419761853,0.842638047,-2.079787252,-0.926806859,-0.420795332,-1.058717617,-1.257881234
-1.367569196,0.033640522,2.066529024,2.419629825,-0.117851531,2.122028108,0.371453671,0.436449922,-0.69264645,0.11958154,0.587867919,0.924245887,-0.845772987,-1.21221427,-0.307245964,-0.825787352,0.930783293
-0.329557735,0.380856605,1.649556225,2.504861404,-0.534260274,2.025755383,0.436221394,0.336260557,0.793751706,0.076328642,0.574598796,1.00778264,1.473898817,-0.51442384,0.918782743,-0.405149983,2.777458794
0.105763773,0.329520082,0.469759782,2.325604512,-0.677365704,2.242066904,0.245620577,-0.319353602,2.335435368,-0.177782129,0.744443574,0.961785494,2.435155859,0.176845183,1.527006172,0.128235545,1.554121748
0.714995814,0.303308257,-0.774061208,2.316134336,-0.594869633,2.792311854,-0.035312937,-1.342224402,2.312937047,-0.73243693,0.877043297,1.400687297,2.136079015,0.565444251,1.405576406,0.530907547,-1.05573681
0.966593655,0.881417902,-1.427170731,1.912975439,-0.443346236,3.280523332,-0.349708213,-1.577043227,0.785109058,-0.79381788,0.825064938,0.80227926,1.066105821,0.702393775,0.525837453,0.784281161,-1.403320775
1.924464525,1.401668266,-1.210256158,-0.117024311,-0.318199134,2.980426342,-0.667360621,-0.943345492,-1.034373982,-1.19708754,0.432756443,-0.866081754,-0.421221375,0.355224815,-0.473808917,0.857381616,-0.282536223
2.201412961,1.148005446,-0.428949678,-2.233608522,-0.149839804,1.904910957,-0.685169401,-0.486544605,-2.087953847,-0.845021677,-0.269225937,-1.264773149,-1.778132159,-0.093217743,-0.858963359,0.772510748,0.691727514
0.008450198,1.023831457,0.187489897,-3.572961906,0.101576796,0.920834521,-0.421411987,-0.524115617,-2.409515202,0.541297288,-0.33300924,-0.735064075,-1.123256999,-0.897652339,-0.658729616,0.631885295,0.275149057
-1.930734027,1.231593385,0.439004341,-4.638356643,0.367584537,0.150929652,-0.048575792,-0.492493348,-2.344763939,0.59377323,0.115761662,-0.224347372,-0.50812984,-0.540125852,0.200323294,0.358687829,0.038675901
-2.408579114,0.689962869,0.711663151,-4.064734587,0.479262893,-0.599489053,0.433596943,-0.022229515,-1.761453837,-0.438253621,0.554191799,-0.248087835,0.473323483,0.27083015,1.134060882,-0.120801601,0.203996431
-0.650120098,0.076733003,1.064463541,-2.76596767,0.259834566,-1.379640522,0.741970038,0.664380728,-0.437619762,-0.229940035,0.66757417,-0.306251968,0.983601864,0.153828456,0.632133273,-0.633743781,-1.042737452
1.303238654,-0.467705923,1.233766326,-1.860213033,-0.111678356,-2.244483792,0.424036439,0.877596221,1.390505926,-0.110358495,0.530307377,0.338153215,-0.31948798,-0.152294008,-0.524583753,-0.989334134,-1.714654988
0.891359631,-1.084227366,1.144457259,0.135964662,-0.22111192,-2.980426342,0.298718862,0.402636011,2.298121081,0.018446089,0.451973794,0.598704793,-1.65523564,0.023783951,-1.029824712,-1.201201556,-0.963633151
0.812309389,-1.166365803,0.540142425,1.504405013,-0.023009108,-3.197543493,0.655175665,-0.167191003,2.463291674,0.439843801,-0.313242822,0.494098379,-1.313617692,0.034141478,-0.555747144,-1.332534579,0.171958913
1.17266946,-0.804594305,-0.817828566,1.189183459,0.278354092,-2.885362061,0.61412174,-0.299315729,2.211968977,0.537480856,-1.349241065,-0.563094099,0.068001308,0.35445759,-0.092057374,-1.328817606,1.007400464
-0.118302777,-0.661335208,-2.314938352,1.440819549,0.458498575,-2.34599311,0.314465573,0.278025488,1.627561396,-0.661832936,-1.696983607,-1.744330495,1.516869628,0.288859919,-0.303484865,-1.127481605,1.863000929
-0.361177832,-0.222317343,-2.887462707,1.552432331,0.43212228,-1.774801793,0.149781218,1.428637729,0.865499397,-1.238114185,-1.453563827,-1.713467893,1.892864224,-0.454963963,-0.911260545,-0.662240569,0.806668315
-0.46094469,-0.053057806,-2.351016849,0.984221805,0.390593646,-1.238655359,-0.206253799,2.212619512,-0.342687826,-0.423623965,-0.784800012,-0.024779108,0.98446128,-0.781034257,-1.524856973,0.018584862,-1.236617254
-1.435988544,-0.806406183,-1.049825134,0.364601754,0.471406124,-0.680958336,-0.598562489,2.042610683,-1.583113495,0.139935844,-0.081353453,1.198003097,-0.113872649,-0.90148846,-1.600795352,0.70374676,-1.45308705
-0.085592332,-1.184726159,0.402925844,0.048027318,0.530893087,-0.22255515,-0.678045889,1.45180652,-1.797121905,0.994816638,0.459386201,1.40543539,-1.381511574,-0.323385009,-1.03519771,1.091550873,-0.09098459
1.639611065,-0.686822282,1.020991908,-0.001352882,0.191368438,0.079480386,-0.457966853,0.767701011,-1.580918537,0.865057946,0.637924543,1.807242721,-2.22803655,0.47261012,-0.459301821,1.058098122,0.438342752
1.150589909,0.423133741,0.534819368,-0.386924311,-0.622368323,0.615098125,-0.544011382,0.128680716,-1.545250469,0.083007398,0.21816269,1.527105261,-0.83374116,0.70699712,-0.136205512,0.789237124,0.018486547
0.221885853,0.903281221,-0.370100325,-0.584445113,-1.522529541,1.357485711,-0.773088539,-0.091109704,-1.74718661,-0.921986391,-0.161883305,0.2026842,1.497962471,0.926806859,-0.218949689,0.483825898,-0.455544031
-0.874459235,1.063451173,-1.05618323,-1.003162156,-2.124694745,1.682557215,-0.567631449,0.217285686,-1.740601735,-1.355469472,-0.071836288,-1.398313251,2.223309761,0.577336227,-0.362856498,0.159210315,-0.123199045
-0.898719481,1.221930039,-1.167671702,-1.640369675,-2.275656944,1.376820819,-0.40210352,0.490927889,-0.999254653,-0.86633009,0.32001465,-1.875496551,1.397410774,-0.453429515,-0.10602717,-0.171600222,0.411049317
0.893812915,0.835033844,-0.811766195,-1.708690226,-2.120766361,0.611774903,-0.374968562,0.342522392,0.482342032,0.326304946,0.694203928,-0.778835553,-0.302621936,-1.171551386,0.130563863,-0.545155941,0.523647425
0.481661305,0.533779047,-0.083986011,-1.089746617,-1.904144023,-0.490426959,-0.074105617,-0.139325836,1.896443757,0.353656043,0.411525846,-0.067808696,-2.606609395,-0.797529578,0.290141919,-0.859240102,0.682748328
-0.817488543,0.566755214,1.022618398,-0.362572431,-1.72399954,-1.258393282,0.187367118,-0.821239703,2.304157215,-0.25983542,-0.196566048,-0.683131813,-2.618641222,-0.520178022,0.3585581,-1.027742848,0.560081736
-0.531817321,0.42434166,1.884362184,0.376101253,-1.381668902,-1.490414579,0.253259606,-1.546673325,1.834984932,-0.401043408,-0.564807098,-0.834774019,-0.802694749,-0.265843193,0.409601585,-1.058717617,-0.542484056
-0.751795065,-0.144587807,1.999103635,1.160096492,-0.648183421,-1.647915146,0.449718575,-1.960267549,0.936012424,-0.48691313,-0.386085733,0.381924693,1.724848353,0.203314419,0.482943015,-0.900126798,-1.133030829
-0.286216395,-0.420234738,1.831723065,1.830449625,0.304730387,-1.501290577,0.591251516,-1.812175143,-0.351330473,-0.405177876,0.403564372,1.355580418,2.564498,0.593447935,1.065286502,-0.656045615,-0.456123787
0.485750111,-0.232765835,2.229177989,3.001369174,1.14091506,-0.806334428,0.593126125,-1.353808797,-1.400931977,0.753427306,0.874480983,0.917272126,1.215644243,1.006214566,1.702524123,-0.385945626,-0.046485061
1.339220143,-0.456593075,2.637870478,3.425497745,1.729050319,-0.137964052,0.547198217,-0.979037953,-1.331790798,1.303947639,0.228228921,-0.3040263,-0.575164305,0.352923142,1.558527764,-0.003097477,0.447796173
0.855378142,-0.766303299,2.036956485,2.66788371,2.04556586,0.101811428,0.648052153,-0.829066997,-0.323481943,1.254334021,-1.067020538,-0.450475279,-2.205691728,0.199094685,0.987557123,0.428690808,1.504850171
0.227882768,-1.105486726,0.66552999,1.682985464,2.239179089,0.168880084,0.57662957,-0.662189086,1.032041839,0.497090283,-1.370471662,0.059944668,-2.936195515,0.086696337,0.475779017,0.975705235,2.160739178
0.072508153,-1.312765487,-0.926064058,0.660882958,2.51809438,0.390730308,0.209768689,-0.285852783,1.332339538,-0.550520332,-0.699145533,0.360855033,-0.854259723,-0.7633881,0.402974887,1.683168968,1.114815279
-0.779326356,-0.459129703,-2.334456228,-0.767760652,2.827875547,0.788006357,-0.274723873,0.109582118,0.306608203,0.169195157,0.31690327,0.166034861,2.601882606,-1.087156722,0.890126751,2.232041881,-0.773293267
-1.649151611,0.328312164,-2.894560116,-1.824361655,2.968736186,1.249128543,-0.508768743,0.51754069,-0.888272087,0.654836143,1.333135094,-0.011721853,2.898381202,-0.472993733,1.18026867,2.357179949,-1.999916262
-1.244359852,0.207399553,-2.699381359,-1.71139599,2.938992705,1.57621412,-0.354910251,0.768640286,-1.207226929,-0.009859116,1.048718299,-0.317677066,0.14781959,0.369034851,1.002601519,2.150887985,-1.302081858
-0.426326136,-0.527377081,-2.35870571,-1.492905514,2.634262317,1.616092781,-0.075546722,0.787425792,-0.684003803,0.229621999,-0.043193284,-0.362932323,-2.112874777,0.487954605,0.10593762,1.719719196,0.409016763
-0.444862054,-0.764491421,-1.518845602,-1.47802381,1.992252072,1.500082133,-0.137736858,0.735139467,0.112354415,0.053112014,-0.512096649,-0.574519197,-1.255177389,0.804050984,-0.89263415,1.106418762,1.239861476
-0.77441979,-0.170256069,-0.146531931,-0.854345113,1.318814752,1.430395181,-0.849572565,0.790243618,0.33239896,-0.341252638,-0.283959239,-0.559829785,-0.561521073,0.885376752,-0.99973592,0.337624986,0.662137124
0.071417805,0.897724798,0.655918915,-0.58241579,0.784554478,1.582256342,-1.366964507,0.898886461,0.062693489,0.541615324,-0.006771828,0.042139321,-0.28478905,0.751112513,-0.411661235,-0.571174747,-0.033463717
0.904988983,1.946197785,0.681055573,-0.413981955,0.249733006,2.023338494,-1.027660371,0.900138828,0.100419331,0.715262985,0.206815302,0.61576825,0.537242564,0.284256574,0.197009945,-1.186953162,0.085361124
0.839022919,2.362687977,0.557146634,0.071026316,-0.41472515,2.261804827,-0.212908659,0.569827015,0.309077531,1.01771523,0.552453087,0.937896653,1.244434686,-0.919901841,-0.002955149,-1.212971969,-0.097259388
0.577884532,1.791584257,0.642315547,0.320633083,-1.12576272,1.834015561,0.355753825,-0.285539691,0.382608625,0.467512934,1.035174642,0.970243034,0.918286231,-0.446140885,-0.489211513,-0.965793309,-0.649347201
1.505770827,0.810633896,1.103203567,0.283428822,-1.559007396,0.715801812,0.675608898,-1.367271743,0.394680895,-1.318259259,0.612392919,1.400093786,-0.031368692,-0.018029769,-0.829232768,-0.731004557,-0.444834406
2.166794406,-0.362254665,1.217797155,0.462009273,-1.375495726,-0.496469181,0.812455317,-2.307486317,0.236369545,-1.727253567,-0.322119408,1.158979712,-1.911341673,0.009590303,-0.925946741,-0.673391486,-0.222687381
0.759154915,-1.323878335,0.67543679,0.690646366,-0.85189821,-1.065042202,0.57231797,-2.80780696,0.031415337,-0.177464093,-1.187815316,-0.377028223,-1.453272828,0.540893076,-0.603119081,-1.030220829,0.525921911
-0.598873734,-1.570776812,0.341562825,0.499889975,-0.361411362,-1.094044864,0.253681393,-2.540739683,-0.139242651,0.126578332,-1.414763081,-1.233910547,1.642344396,1.114393182,-0.42822798,-1.660867134,0.565695532
-1.671231162,-1.0586195,0.431167618,-0.054791729,0.03760025,-1.254365134,0.084779169,-1.455563621,-0.370536356,0.289412769,-1.220027257,-1.453509827,2.916428942,0.978210882,-0.814904772,-1.976809782,-0.125189752
-1.615350818,-0.39051995,-0.177287371,0.014205263,0.315954343,-1.669667143,-0.178087806,0.047589948,-0.681260105,0.21276609,-1.356195916,-1.016091802,0.701713344,0.166104044,-0.959975731,-1.641043282,-0.02143694
-1.362390042,-0.214012905,-1.440774099,0.714321805,0.420898325,-1.624954705,-0.10160378,1.082045144,-0.756025864,-0.041662717,-0.997105985,-0.069144098,-1.302015573,-0.433098073,-0.446048425,-0.923048127,-0.292699714
-1.891481493,-0.276371682,-1.664342494,0.738673684,0.407990776,-0.951851256,0.269615565,1.353495706,-0.099459037,0.618262002,0.121984423,-0.106683704,-1.373776828,-0.959797501,0.323633609,-0.205052973,-1.113758078
-1.450708244,0.076944389,-0.456600002,0.508683709,0.240753842,-0.205485875,0.250916346,1.48718589,0.890467045,0.653563999,1.476624649,-0.505968611,-0.618887105,-0.213288334,0.676102311,0.408866956,-1.327990701
1.171851699,0.812687357,1.286405446,0.321985965,-0.124024706,0.305333581,0.037316425,1.934907115,1.103515161,-0.645295063,1.829491818,0.573183796,0.658420251,0.267377641,0.49906201,0.704366256,-1.317307957
1.826333189,0.612052146,2.627815814,0.342279198,-0.489364453,0.75396851,-0.029302474,2.667541849,0.486457578,-0.980186981,1.354731736,1.752046145,1.011103183,0.276967944,0.268739475,0.706224742,-0.176417371
0.451949318,0.144889787,2.811757007,0.986251128,-0.807002389,1.094044864,0.309779052,3.150955536,0.047328783,-0.531120136,0.697132286,1.398906763,0.022559676,0.571582045,0.408437436,0.633743781,1.128090271
-0.266317541,-0.049796427,1.761931873,0.787377444,-1.100508821,0.82496461,0.309825917,2.632475571,0.219770175,-0.443660233,0.056462408,-0.059351157,-0.599227959,0.605339911,0.646819469,0.522854107,1.661842691
0.145016307,-0.151352149,0.134259327,-0.104848371,-1.286265281,0.035095235,-0.112898296,1.489690624,0.79443763,0.00477054,-0.105786942,-1.120994972,0.124937633,0.145772602,0.765831386,0.420637368,1.470484524
0.439682901,-0.183241189,-1.373348711,-0.805641354,-1.264939766,-0.640576158,0.180149875,0.78179014,1.178692474,0.38895804,0.076320337,-0.691737731,0.6927969,-0.186435486,0.737533593,0.272577971,0.504332947
0.133022477,-0.13317298,-2.114436537,-1.185801253,-1.019696342,-1.056180277,0.634929894,0.590804163,0.78908742,0.361924979,0.616876968,-0.220934681,-0.27286465,-0.286174635,0.632401923,0.057613071,-0.65928208
-0.072508153,-0.148453145,-1.837637573,-0.95039975,-0.5527798,-1.284576241,0.728660318,0.143082937,-0.131560298,0.079509002,0.526372396,0.273905588,-1.224668113,-0.508669659,0.148832058,-0.123279582,-1.730422326
0.506466726,-0.305240926,-1.269844824,-0.166404511,0.092036434,-1.276117131,0.689668462,-0.554485518,-1.384469791,-0.06297113,-0.134612968,-0.213812542,-0.551960067,-0.136949524,-0.136384612,-0.275675447,-1.578503969
1.092256282,-0.346310145,-1.105421507,0.229989975,0.692518044,-1.282562167,0.481961841,-1.190374895,-2.045152165,-0.486277058,-0.603150289,-1.145477324,0.486751862,-0.016495321,0.206233592,-0.45532911,-0.142302925
1.177576027,-0.226605452,-1.125087246,-0.273958647,1.089284865,-1.56856064,0.109008483,-1.917373977,-1.782854678,-1.266737426,-1.190743674,-0.319605979,1.184275551,-0.50521715,0.619327627,-0.594715572,-0.149377424
1.007209125,-0.04001229,-1.01670389,-0.301016291,1.238002273,-1.863823853,-0.357206647,-2.468415485,-1.112980917,-1.011672546,-1.597053382,0.316935177,0.709985225,0.563526191,0.557269494,-0.490640347,-0.317044984
0.578157119,0.242368785,-0.680611985,-0.369336842,1.214993165,-1.705114841,-0.555259033,-2.627466102,-0.057480464,-0.612537354,-1.144988077,-0.360261521,-0.213994639,0.759935591,0.201218794,-0.05637408,0.284288408
0.222703614,0.362375457,-0.250035817,-1.015338095,1.053929406,-1.250336987,-0.525265297,-2.558899006,1.091168522,0.896225475,-0.106885076,0.783138512,-0.227208163,0.441537539,0.088027625,0.490640347,0.713937558
0.277221023,0.112970549,-0.160726749,-1.04239574,0.772208127,-1.185080997,-0.432472177,-2.26897603,1.97162107,1.881501032,0.451333216,2.44704819,-0.556257148,-0.044115393,0.302052065,0.836318773,1.619666195
-0.714995814,-0.303308257,-0.098180829,-0.455244862,0.364217351,-1.436840217,-0.597250263,-1.778048141,1.977657205,0.47419169,0.398897301,1.246967802,-0.674319452,-0.512889392,0.344946503,0.927384595,1.67187346
-1.808887619,-1.008853271,0.378972087,-0.704175188,-0.061731754,-1.262018615,-1.018662251,-1.195384364,1.14960928,-0.94043248,0.435501779,0.027004776,0.274046347,-0.878471734,-0.004746149,0.897648817,0.439255916
-1.436806305,-1.085193701,0.701017037,-1.092452381,-0.522475121,-0.372704348,-1.31016387,-0.142143662,0.1406145,-1.593042371,0.599581352,-1.034787417,1.097904221,-0.694721532,0.0014328,0.954022897,-0.773791576
-0.395796387,-0.411416935,0.938928113,-0.413981955,-0.842357848,0.855578531,-1.135825281,1.092690264,-0.707462417,-1.22730096,0.61010514,-1.105563671,0.548522402,-0.122755875,0.502823109,1.090931377,-1.837065204
0.092407008,0.385567486,1.260381612,0.502595739,-0.846286232,1.632608186,-0.657425196,1.45712908,-1.065789319,0.274465076,0.610837229,-0.619922831,-0.392753213,0.403176328,0.531658201,0.998626565,-1.807186743
0.008995372,0.420113946,0.961107517,0.907107519,-0.789605258,1.652748923,-0.568568753,0.998136551,-0.98622209,1.289636018,0.530398888,0.006231871,0.310141828,1.140862417,-0.28736587,0.614539424,-0.519585527
-0.895721024,-0.019870254,-0.015229858,0.386924311,-0.711037571,1.501290577,-0.540074704,0.562938996,-0.53515821,0.519670839,0.478420529,0.246752434,0.314653764,0.961715562,-0.888693951,0.194521552,0.461704684
-1.263986119,0.005707413,-0.843556675,-0.259076942,-0.50002721,1.599980191,-0.127285916,0.514722864,-0.035668068,-1.012626654,1.045057851,1.317002167,-1.551675985,-0.033757866,-0.522524104,-0.112128665,0.688100934
-0.105763773,0.426515912,-0.946321248,-0.357160902,-0.23626426,1.841266227,0.357300377,0.790869802,0.366283625,-0.34824943,1.34118808,1.309880028,-1.558551315,-0.382844886,0.088654475,-0.266383017,0.258834823
1.291244824,0.387258571,-0.408248901,0.229313534,0.041528635,2.000780868,0.850322409,1.008468579,0.623230902,0.750246946,1.043959717,1.006150483,0.436153732,-0.931410205,-0.055341885,-0.310367189,0.235220928
1.017022258,0.113151736,0.04391522,0.648030577,0.28396607,2.09503952,1.157570739,0.873212936,0.393446231,1.704673011,0.326237412,-0.239778673,1.810360267,-1.015037645,-0.89263415,-0.154873847,0.575526497
0.008450198,-0.155942238,0.328846634,0.320633083,0.308097574,2.126056255,1.038908022,0.566069913,-0.221553578,2.031614028,-1.224419794,-1.114911478,0.802694749,0.076722422,-1.472559788,0.185848616,0.274811636
-1.058455489,-0.440890139,0.996298838,-0.111612782,-0.094842423,1.787691865,0.905435898,0.236697375,-0.451612619,1.503674253,-2.363917199,-0.172860244,-1.479914731,0.273515435,-0.669475613,0.361785306,0.677057097
-1.539299033,-0.584149236,1.698646639,-0.299663409,-0.677365704,1.152855817,0.939553773,0.03725792,-0.071473322,0.432528973,-2.449937723,0.801982505,-1.331235725,0.357910099,0.60732793,0.268860998,1.382007846
-1.895025124,-0.607220473,1.753060111,-0.232695739,-1.077499712,0.5843835,1.034783884,0.065123087,0.444341821,-0.980505017,-1.532995545,0.759249672,0.482347353,0.404327165,0.911976945,0.20815045,1.112472185
-0.820487,-0.244029672,1.522394307,-0.283428822,-1.179637706,0.305434285,1.182315571,0.245777037,0.3610706,-0.835798633,-0.704544693,0.426586439,1.149898902,0.280036841,0.075221979,0.346917417,-0.683057263
0.70981666,0.598161087,1.680311665,-1.246680953,-1.170658541,0.318022246,1.25505038,0.569513923,-0.446536779,-0.525077452,-0.165269219,-0.12107636,0.20131825,0.360595384,-0.882962753,0.648611671,-2.096109502
1.075628472,1.217581534,2.106747677,-2.172052381,-1.295805643,0.354074166,0.933180104,0.708839759,-1.52110593,-0.016855909,0.396792543,-0.516503441,-0.99348515,0.023783951,-0.911260545,0.91065822,-1.271428249
1.324500443,2.00562736,2.238641201,-1.792568923,-1.427687119,0.203622857,0.03362579,0.330624905,-1.909613505,-0.105905991,1.071047031,-0.95080553,-1.325649519,0.267377641,-0.446137975,0.846230699,-0.037471643
1.452343766,2.635677487,1.683268919,-0.493125564,-1.408606395,0.028096329,-1.008726826,-0.683166234,-1.502448787,-0.235028611,1.125587703,-1.911700756,-0.445392456,0.042964556,0.221277988,0.546394932,-0.65110733
0.483024241,2.685926884,0.619101104,0.78534812,-1.453502216,-0.174720898,-1.401457303,-1.66095182,-0.612942036,0.422351821,0.502396463,-1.357954465,0.25696545,-0.532069998,-0.197278595,0.491259842,-0.489839867
0.257867343,2.006110527,-0.819307193,1.48411178,-1.720071155,-0.610465755,-1.463319383,-1.670970757,0.625563045,-0.0159018,-0.237380041,0.34557211,0.122251957,-0.732699131,-1.528438972,0.688259376,1.840333098
-0.228973116,0.402357549,-2.265256486,1.810156391,-1.96755937,-1.202804846,-1.796624772,-1.039464664,1.552932822,-0.062017022,-0.272245806,1.208241172,1.169235767,-0.655976709,-1.253699649,0.618256397,3.673066788
0.104128251,-1.451434495,-2.91289509,1.649163409,-1.878890123,-1.813874824,-1.874608485,-0.671581839,1.410809288,-0.073466318,0.523993105,0.675712919,1.127554081,-0.062912386,-0.067341581,0.043364677,2.760866157
1.10070648,-2.714433753,-2.368760373,1.118157143,-1.374373331,-2.397956212,-1.349718109,-0.849417962,0.976070409,-0.653245963,1.125587703,-0.187104521,0.121714822,0.169172941,0.975736527,-0.651709148,-0.042801428
0.626950199,-2.580113251,-1.053373839,0.411276191,-0.670070134,-2.845080586,-0.81751676,-1.242035037,0.686610316,-0.0159018,0.721840309,-0.148971403,-0.779597938,0.238223121,1.063137302,-1.083497433,-2.460541276
-0.19081093,-2.162656725,-0.416824937,-0.315221554,0.111117158,-2.994122044,-0.423474057,-1.151238425,0.42239224,0.112584747,0.119605132,0.155648408,-1.306312654,0.505600762,0.651476068,-1.182616695,-2.831528097
-0.456038123,-1.741818028,-1.024836339,-0.33754411,0.856387792,-2.470060053,0.179071975,-0.571705565,0.054736766,0.039118429,-0.348200098,0.494543513,-1.265920092,0.78333593,-0.263366476,-1.237132289,-1.206878816
-0.835751874,-0.960778127,-1.804516329,0.125818045,1.308151994,-1.472690729,0.760528662,0.144961488,-0.358326902,-0.324714766,-0.34527174,0.398394639,-0.02567506,0.571582045,-0.952095333,-1.369084806,0.01690814
-0.08668268,0.071931528,-2.183636279,-0.054791729,1.483806895,-0.581463093,0.906185741,0.902017379,-0.528984891,-1.427027574,-0.234634705,-1.410183483,1.144742405,-0.288092695,-0.74935419,-1.186333667,0.567929496
1.053548922,0.934203927,-2.253427471,-0.634501755,1.648799039,-0.016313997,1.010788895,1.357565898,-0.653137205,-0.811945932,0.122625002,-1.388817066,1.329516892,-0.456498412,-0.338588455,-0.691976348,0.288979892
0.881273911,0.607220473,-2.199013999,-0.952429073,1.900776836,0.422552674,1.096271042,1.174094123,-1.119977346,0.33870835,0.394413252,-0.771861793,0.264055634,-0.540893076,0.114892618,-0.284967878,0.467214967
0.440228075,0.139484353,-2.129814258,-1.43540802,2.069697364,0.940169629,0.973859108,0.482474412,-1.620976522,0.530166028,0.317909893,-0.396168971,-1.564567228,-0.575034554,0.312798062,-0.25647109,1.319797094
-0.43886514,-0.602268009,-1.417707519,-1.319736592,2.088778088,1.347012527,0.86381959,-0.123984339,-1.344960546,0.2693765,0.351586013,0.463532534,-1.404715811,-0.205616091,0.696340605,-0.501171768,1.590350637
-0.779326356,-1.033494802,0.104982513,-0.40451178,2.018628367,1.61689841,0.761091045,0.102381008,-0.52925926,-0.043252897,0.435044223,0.285924197,0.006123341,0.545112809,1.174895671,-0.618875892,0.349490618
-0.350546938,-0.495004874,1.651330577,-0.197520802,1.835677895,1.956068431,0.331196454,1.212917502,0.397013038,0.168241049,0.35753424,0.485640839,1.516869628,0.768375058,0.766189585,-0.496215805,-0.596680143
0.406427281,-0.055262257,2.674540426,-0.231342857,1.611759986,2.033811678,-0.060385826,2.152505893,0.621447499,0.834208453,-0.337310266,0.730761117,1.49366539,0.505984374,-0.067968431,-0.312225675,-0.786259324
0.426053549,0.401995173,3.151249754,0.07373208,1.406361604,1.749827278,-0.334992536,2.136225121,0.295907782,0.509493687,-1.685636219,0.156687054,0.185096768,0.233236163,-0.584492686,-0.188946093,-0.732042775
-0.618500001,0.738158805,3.04183136,-0.370689724,1.175148124,1.563726863,-0.87281771,1.633712836,0.509367453,-0.641478631,-2.323652273,-0.582828359,-0.826328695,-0.311876646,-0.401362988,-0.003097477,-0.748738123
-0.87854804,0.765336964,2.520171772,-0.867873935,0.920364338,1.481955469,-1.346343814,1.115545963,1.54415299,-0.615081642,-1.915512342,-0.701530672,-0.060696271,0.033374254,0.10808682,0.297357786,-1.711496224
-0.119393125,1.02673046,1.832314516,-1.027514035,0.46242696,1.306731052,-1.189814005,0.673460389,2.155448807,-0.803040924,-1.208313824,-0.287556354,0.250949536,-0.092066907,0.238471583,0.407627965,-1.135513546
-0.60568841,1.504582896,1.187041715,-0.474185213,-0.119535124,0.868468603,-0.425723587,0.62399189,1.534275678,-0.428076469,-0.306470993,-0.692627998,-0.233761212,-0.449977006,0.011104197,0.376653196,1.437671577
-1.131781403,1.965524476,0.638471117,0.311839348,-0.649867014,0.233028333,0.188585614,0.448973593,0.15158929,0.601088058,1.710161219,-0.354919917,0.111938963,-0.615313826,-0.201129244,0.534005024,1.473236054
-1.027107979,1.750515039,-0.239981154,0.537770677,-1.006227596,-0.520436658,0.407914806,-0.42893572,-0.999254653,1.095316017,3.270976168,0.557455739,0.859093939,-0.348319797,-0.191189196,0.898887807,-0.429432174
-0.305024901,0.706752932,-1.119616326,0.451186216,-1.277847315,-1.508541242,0.710664077,-1.393571452,-1.12711096,1.803900246,3.152377658,0.617252029,1.122397583,0.084394664,-0.331872207,1.291647883,-0.767136226
0.860557295,-0.130002195,-1.374531612,0.172492481,-1.476511324,-2.499868344,1.042282317,-1.801216931,-0.771802125,1.231753465,1.721142563,-0.073447056,0.382869926,0.080942155,-0.60795478,1.52705613,1.036998877
0.338553108,-0.691895538,-1.172551171,0.66223584,-1.322181939,-3.007414931,0.986044063,-1.766776837,-0.352565137,0.380053031,0.114663528,-1.309880028,-1.978376138,0.272748211,-0.438347127,1.250141692,1.749911332
-1.28879154,-1.265898262,-0.787516713,0.639913283,-0.864244561,-2.727861493,0.707477242,-1.543855499,-0.075040128,0.010813224,-1.352901513,-1.258838033,-2.034238193,0.299601058,0.639028621,0.421876359,0.613202567
-1.011025343,-1.900296894,-0.450241906,0.19007995,-0.255344984,-1.750632908,0.496583788,-1.162196636,-0.081213448,-0.128168512,-1.626336964,-0.125676074,-0.325074185,0.3199325,0.789830779,-0.427451817,-1.23413574
0.451404144,-2.042348073,-0.204494107,0.370689724,0.425387907,-0.686698447,0.352520126,-0.736391834,-0.223062612,0.014947692,-1.458688454,0.765926677,1.476477066,0.337578657,-0.040834789,-0.862957075,-2.602719343
0.636218159,-1.52149375,0.107644042,0.413981955,0.953475006,-0.105612993,0.067626501,-0.365691183,-0.105357987,-0.098909199,-1.32435002,0.533715276,1.967203727,-0.349087021,-0.489659263,-1.059956608,-1.758910178
1.031196784,-0.691895538,0.332691064,0.593915288,1.268306953,0.126458656,-0.638116728,0.033813911,0.273683832,0.036256105,-1.026755612,-0.041397432,1.231973151,-0.400491044,-0.229606136,-1.101462799,0.441364701
0.981313355,0.355852698,0.084133873,0.364601754,1.417024361,0.476328443,-1.23274254,0.293993169,0.584681951,-0.186051066,-0.740874638,0.043177966,-0.204003925,-0.240524793,0.17999545,-0.885258909,1.752080299
0.420056634,0.862332795,-0.574594432,-0.249606767,1.357537398,0.979645474,-0.997479175,-0.027238984,0.779210109,-0.600451986,-0.454170063,-0.544843618,-0.799471939,-0.577336227,0.485629514,-0.65542612,1.77557062
0.136293522,0.562769084,-1.102020665,-0.875314787,1.085917679,1.446104956,-0.166324638,-0.683479326,0.528847706,-0.747702658,-0.003934981,-1.064462995,-1.235840524,-0.641399449,0.080953177,-0.561262821,0.658150254
0.974498679,0.203443621,-1.476852597,-1.415114787,0.45737618,1.862212594,0.310013378,-0.979351045,-0.104534877,-0.872054738,0.593450102,-0.597814526,-0.692259765,-0.259321787,-0.64287927,-0.536483006,-0.678464157
0.512736228,0.464806919,-1.729993531,-1.248033835,-0.313148354,2.17560247,0.655738048,-0.888554433,-0.361619339,-1.165601975,2.015808612,0.115586378,1.124116416,-0.338345882,-0.654073017,-0.428690808,-1.735222058
-0.770058397,0.613984815,-1.568527468,-1.30620777,-0.873223725,2.348409998,1.071901132,-0.77991159,-0.288499799,-1.299495135,2.949222805,0.154609763,1.298577908,-0.369034851,-0.099669122,-0.291162832,-1.911996069
-1.135052448,-0.012894527,-1.039770471,-0.903048872,-1.235757482,2.350826887,1.004040304,-0.84910487,-0.175871014,-0.66787562,2.452500036,0.515316418,0.32636331,0.02186589,0.212412541,-0.389662599,0.38271517
-0.989490967,-1.014168111,-0.170042099,-0.441039599,-1.456308205,2.004406201,0.540262165,-0.878535496,-0.158997274,0.392774472,1.038469045,0.683131813,0.204755914,0.37977599,0.039670639,-0.713039191,2.35694763
0.400702953,-1.232076552,0.987574939,-0.372042607,-1.46753216,1.268463651,0.007896788,-0.623678798,-0.145827526,0.842795425,-0.152091607,0.444836919,0.190145839,0.441537539,-0.35578205,-0.873488496,1.348793284
0.95787087,-0.649859985,1.799193272,-0.092672431,-1.323865532,0.13982707,-0.710476616,-0.118661779,0.040743909,0.881595818,-1.258828004,0.483711927,-0.840079355,0.296532162,-0.790547179,-0.697551806,-0.588357345
0.247236448,0.516747401,1.892642495,0.137317544,-1.085356481,-1.228182176,-1.523306855,0.538204746,0.180946854,0.364469267,-1.921735103,0.142739532,-0.873596588,-0.358677324,-0.398676488,-0.538341492,-0.773723771
-0.004906567,1.049922489,1.313612182,0.039233584,-0.703180802,-2.443877094,-2.041073718,1.00158056,0.097538448,-0.893681187,-1.975543686,0.36456448,0.261477385,-0.949056362,0.288261369,-0.620734378,-0.638245589
-0.429324593,0.696727211,0.278869043,0.615561404,-0.261518159,-3.278509258,-2.044073092,0.930508729,0.03964643,-0.988773953,-1.803868683,0.755391847,0.675286295,-0.658278382,0.696340605,-0.662860065,-1.232659671
-0.76515183,0.126891806,-0.789291066,0.9693401,0.166675737,-3.49320952,-1.636158285,0.65060469,0.094246011,-0.46465061,-1.381086961,0.763997764,0.545192165,0.077489646,0.755085389,-0.647992175,-0.917104679
-0.04797532,-0.211295089,-1.238497933,0.851639349,0.483752475,-2.861595991,-0.991855349,0.665633095,-0.048837817,-0.612219318,-0.656226782,-0.133391725,0.300903104,0.454580351,0.67735601,-0.573033233,0.79740186
0.238513663,-0.070965194,-0.692736726,0.710263158,0.709353977,-2.319810151,-0.157842034,0.756429707,-0.457785939,-0.131030836,0.132874256,-1.148741637,-0.572478629,0.771827567,0.14462321,-0.402672002,0.894034831
0.450313795,0.115869552,0.189707838,0.356484461,0.970872137,-2.400775916,0.444657133,0.761126084,-0.954395198,-0.033075745,0.550622863,-1.393565159,-1.295140243,0.405094389,-0.883320953,-0.255851595,-0.330485798
-0.059423975,0.414678314,0.982843333,0.426834336,1.327232718,-2.361702885,0.761840888,0.886049699,-0.987731123,-0.646885243,0.590064188,-1.072030267,0.009131297,-0.354841202,-0.772995384,-0.053896099,-0.11826619
-1.303783828,0.759538957,1.443731353,0.549270176,1.662828983,-1.707128915,1.215683602,1.309662858,-0.286442026,-0.281143832,0.428546928,0.113063953,1.828408008,-0.641783061,0.100922822,0.327093565,0.080048399
-0.840931028,1.078912526,1.269253373,0.131229574,1.892920067,-0.849939124,1.570172067,1.854442532,0.488926906,0.27096668,0.30930784,1.573399163,0.662287624,-0.94867275,0.586283686,0.880922441,-0.212646059
0.139019392,1.127229253,0.73576477,-0.050056642,1.941744273,-0.062083823,1.291980168,2.039166674,0.903225238,0.651019711,0.210201216,1.622660623,-0.813007744,-0.695872369,0.411482135,1.234654307,0.467286784
0.267135302,0.716295486,0.04332377,-0.048027318,1.836239093,0.903513486,0.821265977,1.341598218,1.111746253,1.373915561,0.074581624,1.314034609,-0.426377872,0.123906712,-0.017014495,1.109516239,0.437264688
0.325196343,0.075464689,-0.833354149,-0.658853634,1.7088472,1.863421038,0.822015821,0.057295793,1.242894997,1.541838574,-0.032211941,0.055938465,-0.391571515,0.134647851,-0.272231924,0.795432078,-0.955999238
0.956780522,-0.131149717,-1.588045344,-0.89560802,1.450135029,2.360091626,0.758841515,-0.967453558,1.202837013,0.491365635,-0.245890582,0.009199429,-0.840079355,0.624904128,0.015044396,0.559404335,-0.641348584
1.090348173,-0.114359654,-2.126857004,-0.597973935,0.847408628,2.476505089,0.256165249,-1.365706284,0.712675443,-0.387685896,-0.409604111,0.447210966,-0.548200121,0.888062036,0.468973219,0.280011915,0.79908656
-0.162189291,-0.351866568,-2.330907523,-0.292222556,0.003367187,2.733098085,-0.094292807,-1.073904758,-0.300434883,-0.528257812,-0.424611947,-0.113509087,0.37910998,0.046800678,0.512852706,-0.171600222,0.993090739
0.369628031,-0.452002986,-2.087229802,0.218490476,-0.817103948,3.125036838,-0.105727919,-0.81184695,-1.342765588,-0.928983184,-0.195010357,0.115883133,0.990047485,-0.198711073,0.343424154,-0.589140114,-0.390341059
0.29412142,-1.067316511,-1.507608038,0.822552381,-1.465287369,3.091200399,-0.005108308,-1.089246255,-1.731821903,-0.53716282,-0.169021178,0.488905153,0.868869798,-0.196025789,0.025611293,-0.832601801,-1.086021702
0.088590789,-1.957310633,-0.587162762,1.321089474,-2.039953882,2.632394397,-0.086466316,-1.302148656,-1.319718529,0.476735978,-0.159412502,-0.101045344,0.264270488,-0.700092102,-0.216890039,-0.844991709,-0.770554977
0.598601147,-2.254941674,0.689483746,1.553785213,-2.555133432,2.119611219,-0.632680364,-1.066390556,-0.695115778,1.313170683,0.608366427,-0.895015443,-1.011962599,-0.556237561,-0.124832665,-0.590379104,0.502580441
0.963595198,-1.599283682,2.220306227,1.294708271,-2.873893764,1.629385668,-0.97648356,-0.67189493,-0.371359465,1.033298995,1.478454873,-0.026262887,-1.145601821,0.032990642,0.053461335,-0.177175681,1.602872549
0.16137153,-0.364428917,3.648068409,0.347014286,-2.933941925,1.104518047,-0.907872889,-0.388546882,-0.183964922,-0.287822589,1.338625766,0.785364181,0.006015914,-0.260089011,0.184562498,0.215584395,1.588952805
-0.408062804,0.616159068,4.431740692,-0.586474436,-2.757164628,0.485693886,-0.787523024,-0.361934082,0.295907782,-1.22730096,0.609922117,0.554339803,1.259044762,0.064063222,0.176234351,0.522854107,0.274817814
-0.229245703,1.008370104,4.010036287,-0.409246867,-2.303716833,-0.249745146,-0.742157499,-0.667511646,0.960842887,-0.983367341,-0.280847859,0.398394639,1.374636244,0.46340343,-0.100116872,0.672152495,-0.869002642
-0.676288454,0.836241762,2.585822809,0.896284461,-1.625228733,-1.120227822,-0.764277879,-1.059189445,1.191862222,-0.05502023,-1.267613078,-0.332218099,0.438839407,0.391667965,-0.189756397,0.654806625,-0.801905094
-0.502377921,0.67607181,0.606237049,1.92582782,-0.813175564,-2.250526014,-0.478025164,-0.927690903,0.744639519,0.19686429,-1.519085843,-0.977365172,-1.046339248,0.736535253,-0.096087123,0.625070846,-0.347211156
-0.045249449,0.244603433,-1.350873581,2.004294988,-0.05275259,-3.34819621,0.09719845,-0.112086852,0.309763455,-0.192729822,-0.73794628,0.850205319,-1.64148498,0.589995426,0.220919788,0.745252951,-0.099690388
-0.214526003,-0.414315939,-2.336822031,1.350852883,0.496660024,-3.612442686,0.664173786,0.968705925,0.397973332,-0.489775455,0.153372763,1.269521241,-0.764128447,-0.606490747,0.399213788,0.845611204,-0.058725721
-0.073325915,0.028567265,-2.416076435,0.117024311,0.773330523,-2.961494049,0.887439657,1.774604131,0.560400228,-0.595045374,0.738037791,0.10416128,0.994774275,-0.993171755,0.012357897,0.770652262,0.290068548
0.295756942,1.00015626,-2.110887833,-1.708690226,0.951230215,-2.317393262,0.909934958,2.012240782,0.209069754,-0.442706125,0.587318852,-0.098819676,0.85039235,-1.036903535,-0.371811496,0.740296988,0.097124299
0.825393567,1.614745034,-1.492821768,-2.540036341,1.075816119,-1.987890796,0.927181357,1.857260357,-0.505663461,-0.978914837,0.368881629,-0.040655542,0.285218758,-0.548181706,0.259963577,0.73596052,0.154569102
0.138201631,1.478008695,-0.693771765,-2.587387219,1.257644195,-1.288604388,0.79970798,1.495639367,-0.841766413,-0.944884984,0.158039834,-0.022405062,0.33431291,0.463787042,1.167373473,0.737199511,0.09841268
-1.314142135,0.469034633,-0.268962242,-2.897197244,1.493908455,-0.047683196,0.346568244,0.756429707,-0.484674175,0.263333816,-0.45398704,0.552707646,-0.502328781,0.890363709,0.968572529,0.739057997,0.244003559
-0.678196563,-0.410692184,-0.568827787,-2.795054637,1.592118064,1.074709756,0.059671131,-0.007514202,0.124152315,1.304901747,-1.088251135,0.015728057,-0.729751798,0.688967351,0.097340823,0.517898144,0.827639007
0.167095857,-0.6348818,-1.263930316,-2.497420552,1.385597286,1.753452611,0.247401455,-0.242333027,0.421980686,1.378686101,-0.984660462,-1.889740828,0.06939786,0.895734279,-0.533896951,0.210628432,0.125742826
-0.698368005,-0.433884213,-1.796236018,-1.710719549,0.890620856,2.004406201,0.290986102,-0.204762015,0.372456944,0.776643935,-0.370254297,-1.165805095,0.179188282,0.348703409,-0.016208545,0.039647705,-0.517273326
-0.993034598,-0.364549709,-1.673805707,0.008117293,0.236825458,1.804610084,-0.13361272,-0.205075107,0.058166388,-0.586776437,0.423971368,0.505226721,0.360095396,-0.255102054,0.864336358,-0.203194487,-0.586492498
-0.336644998,-0.79891709,-0.771843268,0.781965915,-0.341208242,1.223751213,-0.414288475,-0.328433263,-0.086563658,-1.646790457,1.050548523,0.602859374,0.638868532,-0.802132923,0.825650769,-0.732243548,-0.485310554
0.21943257,-1.25381908,0.08339456,1.017367419,-0.805318795,0.517516251,-0.303592844,-0.660623627,0.182867443,-0.537480856,0.752588071,0.22523764,-0.356550304,-0.964017234,0.151429008,-1.299701323,-0.69610597
-0.702184223,-1.152837119,0.522694627,1.64375188,-1.081989294,0.037486948,-0.492834571,-0.910470856,0.520890983,0.964285181,0.150901961,0.322276781,-1.552535401,-0.535522507,-0.303216215,-1.685027454,0.050268195
-1.488597843,-0.54525427,0.732807516,2.057733835,-1.046633835,0.040608762,-0.874129936,-0.521923974,0.650256323,1.519258017,-0.093158397,0.35046858,-0.561306219,0.015344484,-0.03644684,-1.707329288,1.322060747
-0.181542971,0.093341878,0.332986789,2.268107018,-0.688028462,0.321848986,-0.74684402,0.139325836,0.292203791,0.667239548,-0.249093474,0.089620247,1.147320654,0.370952911,0.64207332,-1.372801779,0.936702013
0.345095197,0.693103457,-0.463697411,2.483215289,-0.238509051,0.626779752,-0.271021522,0.525367984,-0.335005473,-0.182552669,-0.426259148,-0.321683269,0.752311474,1.002378445,0.718548999,-1.051283673,0.083180001
0.441863597,0.928647503,-0.987722802,2.412188973,0.070149721,0.992535546,0.190694548,0.633384643,-0.745874183,-0.686003672,-0.053991605,-0.335927547,-0.200673687,0.612628541,0.242322232,-0.770032767,-0.882423677
1.344671884,0.788528993,-0.948982776,2.304634838,0.309781167,1.066653461,0.568756214,0.56199972,-0.830105698,-0.53557264,0.634813162,-0.55107549,-0.820420209,-0.091299682,-0.485092214,-0.375414205,-1.79933818
1.943273031,0.394143705,-0.090048381,2.209256642,0.56288136,0.504324068,0.866444042,0.449912868,-0.680848551,0.312947433,0.833850012,-1.283172007,-0.229249277,-0.037210375,-0.707355252,0.029735779,-0.918508128
1.269983034,0.577868061,1.28167384,1.634958146,0.835623475,-0.224166409,1.031971971,0.274268387,-0.406615979,0.520306911,0.526097862,-0.257880776,0.083685654,-0.02186589,-0.170324052,0.197619029,0.695769351
0.527728516,1.010302773,2.28359146,0.852992231,1.046633835,-0.458806001,0.959799544,-0.218851145,-0.124975424,0.699679221,0.150993472,0.050745239,-0.794315441,-0.039128435,0.450436374,0.22425733,1.627210235
-0.901172765,1.109352064,2.501245347,0.017587469,1.047195033,-0.538966137,0.399104146,-0.749541688,0.285893286,-0.008268936,-0.389471648,-0.272866943,-0.766814122,-0.093601355,0.24957578,0.291162832,1.542736879
-1.917104675,1.307450647,2.170624362,-0.418040602,0.708231582,-0.979645474,-0.217642045,-1.056997803,0.784697504,-0.183506777,-1.220759346,-0.458487685,1.355729087,-0.009206691,-0.504255909,0.140005958,0.33966523
-0.75043213,0.852186282,1.693915033,-0.224578446,0.092036434,-1.310356385,-0.360721538,-1.231076825,0.907752339,-0.243933619,-1.349607109,-0.357739097,1.337251638,-0.019564218,-0.854664961,-0.281250906,-0.998946468
0.368810269,-0.137672476,0.91571367,-0.072379198,-0.537066263,-1.101698344,-0.276036099,-1.051675243,0.790322084,-0.006042684,-0.600862509,0.643514916,-0.147175028,0.569663984,-0.687743807,-0.559404335,-1.322384929
0.920526445,-0.595624459,-0.10646114,0.081172932,-1.128007511,-0.821540685,-0.416912927,-0.369448284,0.56300674,0.647839351,0.285789463,0.611316914,-0.334527764,0.758017531,-0.125638615,-0.519137135,-1.170431666
0.815307846,-0.492830621,-0.859821571,0.511389474,-1.625228733,-0.801500651,-0.509143664,0.229809356,0.020166177,0.562605701,0.605987136,-0.167667018,-0.034806357,0.244744527,0.664460814,-0.215584395,-0.083696203
0.077687307,-0.98022561,-0.993785173,0.025704762,-1.923785944,-0.570486391,-0.386169348,0.537891654,-0.506212201,-0.581687861,0.61166083,-0.216928478,-0.461721364,0.031839805,0.767622385,0.284967878,0.870421739
0.29684729,-1.601699518,-0.118585881,-0.780613033,-2.038831487,-0.05926412,-0.476900399,0.557303344,-0.837788052,-1.293770486,0.578076221,-1.567464048,-0.582361916,-0.719272708,-0.150891708,0.7520674,1.029708806
0.833571178,-1.722974504,1.031194434,-0.863815288,-2.029852322,0.143402051,-0.680107958,-0.064809996,-1.017225872,-0.909264951,1.067386583,-1.832170206,-0.343981342,-1.023093499,-0.826008969,1.098365322,0.440674211
0.054244822,-1.429691968,1.234357777,-0.641266166,-2.143214271,-0.129756702,-0.767464714,-0.929569454,-0.869340574,-0.418853424,1.36498099,-0.074930835,-0.320669677,-0.082476604,-0.291932918,1.364128843,-0.294747394
-0.945331866,-1.197771676,0.288332255,-0.458627068,-2.318869172,-0.493649477,-0.729222701,-1.348173146,-0.165993703,0.362879087,1.107285464,1.147406236,0.301440239,0.723876053,0.455003423,1.510329755,-0.104676123
-0.596693038,-0.976843439,-0.994524486,-0.052762406,-2.157805413,-0.508251512,-0.590876594,-1.348173146,0.762885108,0.969055721,0.593084057,0.195116928,1.276662795,0.982430616,0.302589365,1.508471269,-0.35909935
-0.321925298,-0.548636441,-1.819302598,0.069673434,-1.706602409,-0.104203141,-0.344787366,-1.149046782,1.024633856,0.824667372,-0.292927336,-0.458932819,0.825146998,0.467623163,-0.254859229,1.418024942,-0.623628132
-0.682012782,0.002144055,-1.743005448,0.093348872,-1.152139015,0.562027281,-0.030743579,-0.610842036,0.45106388,-0.019718233,-1.225151884,0.3758412,-1.277522211,0.245895363,-0.282082421,1.409971502,-0.090879552
-0.893812915,0.702404427,-0.747889511,0.718380451,-0.690273253,1.178233147,0.080303541,0.121166514,-0.331164296,-0.696498861,-1.091179494,0.69247962,-1.836142754,0.108562227,-0.146682859,1.401918062,0.15573427
-0.11339621,0.654570866,0.761197153,0.82796391,-0.268252533,1.477927321,-0.039999459,0.552920059,-0.473425015,-0.357154439,-0.150444405,-0.326728117,-0.065100779,-0.193724116,-0.305365415,1.224742381,0.607913755
0.450586382,0.383272441,1.660202339,0.648030577,0.372074119,1.48880332,-0.007029782,0.816230235,0.035119329,-0.244251655,0.548426594,-1.376353323,1.865792613,-0.250115096,-0.880097154,0.824548361,0.644930629
0.542720803,0.403686259,1.19118187,0.9199599,1.177392915,1.174607814,0.385419504,1.236086293,0.516089512,-0.425532181,0.309216329,-1.209428195,1.15032861,-0.409697734,-1.082121897,0.290543337,-0.220352753
0.928431469,0.294369663,0.174773705,1.584225063,1.975416139,0.739970697,0.698479121,1.636530662,0.636263465,0.205133226,-0.370254297,0.004451337,-1.405575228,-0.108945839,-0.57016469,-0.260188063,-0.838500292
0.36417629,0.136162578,-0.706783682,1.980619549,2.606202429,0.39022679,0.716100441,1.697896648,0.205365763,0.641160595,-0.869722401,1.186874756,-2.130922517,0.05447292,-0.023641193,-0.773749739,0.036120139
0.188630234,0.013105912,-1.382811923,1.682985464,2.908688025,-0.048010483,1.008914286,1.450554153,-0.454630687,0.155201573,-0.785898146,1.686759873,-0.990906902,-0.2217278,0.280022772,-1.190670135,0.648698437
0.844202073,0.174604574,-1.434859592,0.775877945,2.933380727,-0.533125323,1.340907449,1.394197635,-0.501273545,0.380053031,-0.318092915,1.192958249,0.230538401,0.045266229,0.247157931,-1.39014765,-0.099626555
-0.677923976,0.848804111,-1.046276429,-0.039910025,2.869404182,-0.727785551,1.240053513,1.361636091,0.128267861,0.619534146,0.271605228,-0.437863158,1.470031444,0.488721829,-0.385154442,-1.345543982,-1.164495694
-1.349305864,1.44708599,-0.793283358,-0.336191228,2.843027886,-0.491937515,0.950801423,1.207281851,0.723787418,-0.172693553,0.569291146,-0.816078404,1.752349672,0.239757569,-0.696698805,-0.975705235,-0.939355647
0.287306744,1.306484313,-0.211147928,-0.980839599,2.769510979,-0.092748096,0.39779192,1.362888459,0.635714726,-0.4159911,0.435867824,-0.714142793,0.733404317,-0.214055558,-0.605178731,-0.276914438,0.219560594
0.60841428,1.2963378,0.709001622,-1.752658898,2.609569615,-0.090985782,-0.438096003,1.294321362,-0.145827526,-0.022580557,-0.217796645,-0.89100924,-0.491478651,-0.476446242,-0.147578359,0.519137135,0.74411332
0.785323271,1.176029148,1.100837764,-1.726277695,2.336266303,-0.429702636,-1.013600808,0.291175343,-0.913376919,0.321852442,-1.15670151,-0.156835432,-0.771540911,-0.348319797,0.313424912,1.134296055,0.038702903
0.037071838,0.629446168,0.876973644,-2.296517544,1.874961739,-0.541080914,-1.192250996,-1.016922057,-1.07648974,0.502814931,-1.236133227,1.008672908,-0.87531542,-0.314945543,0.301067016,1.509090764,-0.034940821
-0.280492067,0.229262872,0.526095469,-2.586034336,1.230145505,-0.425372377,-1.354592091,-1.810609684,-0.748617881,0.727984426,-0.392857562,1.642840017,0.150182984,-0.449209782,0.030267892,1.652813694,0.778865739
-0.025623182,-0.141568012,0.660946246,-1.682309023,0.322688716,-0.356188944,-1.328909955,-1.946491511,-0.380688037,-0.056928446,0.591436856,1.176933437,1.034737129,0.049869574,-0.17963725,1.450858198,1.348481942
-0.529909212,-0.808097268,1.219571508,-0.800229825,-0.656601387,-0.221850224,-0.923057218,-1.895457553,-0.156802316,-0.95792446,0.847393669,-0.427773462,1.11853021,0.802516536,-0.129041514,1.059337113,0.398617236
-0.682557956,-0.9065426,1.330764254,0.149493484,-1.578649318,0.000176231,-0.391980634,-2.076111502,-0.03937206,-0.529529956,0.629688535,-1.060160036,0.754567441,0.899186788,-0.262470977,0.669674514,-1.723779815
-1.461066552,-0.666046089,0.88717617,1.058630326,-2.216169981,0.023690543,-0.184227149,-2.093957733,0.113451894,0.432528973,0.415186293,0.139178462,-0.155876617,0.052554859,-0.099937772,0.369838746,-2.196076167
-2.000788897,-1.155736123,0.416529212,1.498993484,-2.263871791,-0.275827401,0.046513723,-1.686938437,0.297554001,0.186051066,0.821038445,0.607755844,-1.526752915,-0.539358628,0.131101163,0.174078204,-0.646869299
-0.692098503,-1.676107278,0.0471682,1.554461655,-1.744763857,-0.450246188,0.609622679,-1.226380448,0.32060106,-0.391184292,1.298726885,-0.069589231,-1.209198621,-0.885760364,0.220382488,-0.045223163,1.239788054
0.187267299,-1.4026346,-0.400707903,1.26359198,-1.034287484,-0.306441322,1.090834677,-0.683792418,0.345157154,-0.239163079,1.165486584,-0.047332547,-0.072835525,-0.836658013,0.431989079,-0.238505724,1.671860621
0.806585061,-1.033977969,-0.732511791,1.206770928,-0.613389159,-0.183431767,1.153446601,0.284287324,0.611844557,-0.146932636,0.448953925,-0.17241511,0.487826132,-0.230550879,0.609745779,-0.310367189,0.391592087
0.519550904,-0.444151518,-0.761788604,1.09177594,-0.369268131,-0.204327782,1.093834051,1.272091846,0.705953384,0.2693765,-0.46624954,0.464274423,0.392538358,0.143087317,0.32023071,-0.576750206,-0.678434066
0.186722125,0.351624985,-0.410762567,1.126950877,-0.01010156,-0.324668689,1.006664756,1.613674963,0.274781311,0.219126811,-0.901568297,0.947096083,0.493949472,0.830903832,-0.013342946,-1.0475667,-0.315440165
0.579247467,0.969958305,0.028389637,1.112745614,0.323249914,-0.531312656,0.587127377,1.684746794,-0.423215349,-0.285596336,-0.694752995,0.160841635,0.009668432,1.164646368,-0.016029446,-1.216688941,0.047764615
0.665930147,1.047023486,-0.13825162,1.118157143,0.424265512,-0.671391486,0.006643144,1.884499341,-0.867419985,-0.327259054,-0.201599163,0.266189938,-0.71342289,0.255869278,0.459122721,-1.160314861,0.166213197
0.755338697,0.641042183,-0.753951881,1.216917544,0.241876237,-0.625369901,-0.362971068,1.83471775,-0.481518923,0.206087334,0.198487783,0.305213323,-0.397587429,-0.217891679,0.575358589,-1.19128963,-0.141345586
0.724808948,0.224914367,-1.111927466,0.939576692,-0.134687464,-0.614796014,-0.496021405,1.364767009,0.287539505,0.201952866,0.21971838,0.267673717,0.374383191,-0.731548295,-0.097609473,-1.261292609,-0.224618668
0.064057955,-0.328795331,-0.97885104,1.059306767,-0.613389159,-0.647323305,-0.553571886,0.613033678,0.323619128,0.071558102,0.371443942,0.303877922,0.863283593,-0.531686385,-0.370647346,-1.389528154,0.069129741
-1.014568975,-0.812566565,-0.129379858,1.219623309,-1.17851531,-0.369582534,-0.488522971,-0.018472414,-0.587151279,-0.103997775,0.443554764,0.624819302,0.278343428,-0.103191658,-0.127966914,-1.481832967,1.15279226
-0.977497137,-1.032528468,1.086642945,0.480949624,-1.644870654,0.393449308,-0.352707586,-0.209771483,-1.711518541,-0.369875879,0.134338435,0.117663668,-1.001649604,0.169556553,0.065550582,-1.355455908,0.840810085
-0.549808066,-0.905697058,1.589228245,-0.940253133,-1.896848452,1.264435503,-0.554696651,-0.346279493,-1.615489126,-0.631937551,-0.146600935,-0.810143289,-1.133999702,0.440770315,0.193607046,-1.07048803,-0.836067727
0.220795505,-0.382064523,1.123756481,-2.105761153,-2.017505972,1.745396316,-0.794271615,-0.61146822,-0.435973543,0.187641246,0.098466046,-1.154676753,-0.565925581,0.869265043,0.124026715,-0.693215339,-0.698351569
0.003271045,0.720764783,0.347773058,-2.975664412,-2.0607182,1.877116739,-0.529764358,-0.829380089,0.982243728,0.931845508,0.358449352,-0.382518205,-0.089057006,0.613779377,0.149279808,-0.233549761,-0.468740385
-0.454402601,1.904162232,-0.125831153,-3.637900252,-1.910317198,1.758286388,-0.277254595,-0.734826375,1.413552986,0.491365635,-0.053991605,1.005853728,0.490834089,0.00728863,0.199069594,0.135049994,-0.907291368
-0.14010974,2.268470358,-0.30563219,-3.744101505,-1.392892857,1.427172663,-0.398729225,-0.276773121,0.879492255,0.054702194,-0.93853882,0.580009179,1.245723811,-0.15996625,0.042267588,0.289304346,-0.387690915
0.662659102,1.68287162,-0.315538991,-3.464054888,-0.498343617,1.304716978,-0.231232957,0.201944189,0.164073114,-0.100181343,-1.372667931,-0.801834127,0.966413539,-0.397038535,0.058476134,0.35992682,1.016202714
0.757519393,0.939156392,-0.36433368,-3.014221555,0.57298292,1.34983223,0.282690959,0.516914506,-0.186022695,0.552110512,-0.700060645,-1.047993049,0.306919018,-0.30343718,0.091072325,0.374794709,1.534758323
0.55226135,0.143198701,-0.516040805,-2.063145364,1.644870654,1.046915538,0.666985699,0.454609245,-0.284795807,0.837388813,0.398622767,0.349726691,-0.353005212,-0.091683294,-0.003313349,0.301694254,0.851046277
0.64439577,-0.961382086,-0.564096181,-0.710263158,2.525951148,0.517314844,0.887627117,0.170948104,-0.264766815,0.253792736,0.697864376,1.086422923,-1.375065952,-0.109713064,-0.073341429,0.320898611,0.306611434
0.119938299,-1.632139056,-0.412536919,0.547240852,3.006336437,0.308052581,0.942928068,-0.158424434,-0.12963971,0.152339249,0.331179016,0.456262017,-1.120678751,0.245128139,-0.130563863,0.47143599,0.065741122
0.216706699,-1.719592333,0.208338537,1.661339349,3.15112546,0.166513548,1.096645964,-0.577967401,0.092188238,0.046751293,-0.232438436,-0.616361762,0.380613958,0.525932204,-0.050416636,0.716136668,-0.660318017
0.326014104,-1.525842256,0.705452918,2.052998747,3.097250475,-0.420035082,0.924181983,-0.997510367,0.367655474,0.166968905,-0.712140122,-1.426208295,1.363893541,-0.217508067,0.082296427,0.959598355,-1.495177285
0.819124065,-1.000639427,-0.125831153,2.164611529,2.863231006,-1.262018615,0.281097542,-1.257063442,0.525143714,-0.19845447,-0.860571281,-0.546920909,1.21177687,-0.072119077,-0.03716324,0.763218317,-0.712190268
0.436684443,-0.232403459,-1.253284202,2.388513534,2.486667305,-2.099470482,0.065482418,-1.259255084,0.37794434,-1.297268883,-0.627492267,0.206838781,0.006660476,0.098588312,0.21456174,0.006194954,0.424868757
-0.558258264,0.24110047,-1.037256805,1.788510276,2.023117949,-2.832190514,-0.07206698,-1.017235149,0.098087188,-1.276914578,-0.219169313,-0.474512498,-1.896731597,-0.545112809,0.129041514,-0.763837813,0.776155132
0.170639489,0.5093791,-0.48720758,1.205418045,1.491663664,-3.17015209,-0.523765611,-0.709465942,-0.117978995,-0.656426324,0.23042519,-0.278060169,-1.347994341,-0.358677324,-0.402437587,-0.99119262,0.783309994
0.690190393,0.912582191,-0.57282008,1.041042857,0.94225105,-2.945784274,-0.744032108,-0.412654948,-0.302218287,-0.189549462,0.343258494,0.427476706,-0.08637133,0.033757866,-0.580462937,-0.713039191,-0.010757269
-0.379168577,1.172646977,-0.48558109,0.176551128,0.523597516,-2.252540087,-0.710476616,-0.094240622,-0.7384662,0.203861082,0.030198694,-0.13443037,0.175750617,0.239373957,-0.017014495,-0.375414205,-0.61986875
-0.928976643,1.271213102,0.028093912,-0.846904261,0.244121029,-1.44811903,-0.764090418,0.030369901,-1.106121673,-0.113538855,-0.040264926,-0.899911913,0.23526519,0.569280372,0.424108681,-0.23107178,-0.227530123
-0.209892023,0.913306942,0.460296569,-1.110716291,-0.021325515,-0.80995976,-0.825765038,0.028178259,-0.842726707,-0.045797185,-0.095446177,-0.22167657,0.760368501,0.224029473,0.625954325,-0.050179126,0.776084117
-0.269043412,0.313333978,0.662277011,-0.681176191,-0.198664009,-0.346118575,-0.729410161,0.147779314,0.088347062,0.354610151,-0.26181353,0.385485763,0.330230683,-0.151526784,-0.132265313,0.250895632,0.824984571
-0.526638167,-0.195622351,0.879930898,-0.437657394,-0.307536376,-0.066640665,-0.364189563,0.056356518,1.03629457,0.422351821,0.027636381,-0.323908938,0.118706865,-0.377474317,-0.976811127,0.47143599,-0.335458092
-0.312384752,-0.516264234,0.923993981,0.297634085,-0.313709552,0.036681318,0.002331544,-0.348158044,1.472816853,0.417899316,0.474577059,0.045255257,-0.030401849,-0.395887698,-0.611268129,0.586042637,-0.755702809
-0.541630455,-0.581612608,0.465471764,0.966634336,-0.277792895,0.419833674,0.153108648,-0.50689557,1.365812648,0.247432015,-0.039441325,-0.163512437,-1.419755595,-0.723108829,0.059461183,0.617017406,-0.263726313
0.622861394,-0.719194489,-0.338309846,0.658853634,-0.21606114,1.111768713,0.412788788,-0.277712397,0.882510322,0.265560068,-0.837876505,-0.453591215,-1.099193345,-0.19257328,0.037610989,0.404530488,0.131593901
0.329285148,-0.534383007,-0.958741714,0.227960652,-0.148717408,1.638650407,0.791647163,0.151223323,0.156390761,0.431892901,-0.580180979,0.259216177,0.443136488,0.006137794,0.104594371,-0.043364677,0.812262854
-1.41881556,-0.281807313,-0.754247607,-0.639236842,-0.197541614,2.086983225,1.040970092,0.688488794,-0.477403376,-0.123397972,0.362292823,0.164402704,1.382800698,0.088614398,0.314320412,-0.380989663,0.381374231
-0.946967388,-0.146188299,0.054561334,-1.63766391,-0.410235568,2.597752329,0.907872889,1.121807799,-0.915023138,-0.432847009,1.028219791,-0.118999069,0.901527615,0.781034257,0.28718677,-0.515420162,-1.187696739
0.043886514,0.06392907,0.625015611,-2.359426567,-0.591502446,2.924032277,0.268303339,1.345042228,-1.094323774,0.372102131,0.80383434,-0.588763474,0.207656444,0.661347279,-0.015402596,-0.625690341,-0.677471552
-0.096495813,0.19725304,0.821672996,-2.917490477,-0.650989409,2.97599538,-0.557508563,1.254558707,-1.071139529,0.92771104,0.61934777,-0.437863158,-0.859631074,0.47069206,0.014417546,-0.771271757,1.029014303
-0.432050463,-0.05197068,0.940111014,-2.455481204,-0.707670384,2.729875567,-0.953800797,1.051675243,-0.999391838,0.746112478,0.503220063,-0.030862601,-1.052355161,0.077489646,0.367244447,-0.831982305,0.749408151
-1.036921112,-0.666650048,0.773913345,-1.414438346,-0.818226344,2.197354466,-0.724348718,0.843469218,-0.860149187,-0.121489756,-0.138181905,0.999918612,-0.666584706,-0.663265339,0.03393944,-0.829504324,-0.303140566
-0.84447466,-1.035427471,0.481145209,-0.752878948,-0.913629964,1.631399741,-0.464715443,0.196934721,-0.527750227,-0.149158888,-0.636734897,1.693882011,-0.187030455,-0.97053864,-0.5354193,-0.809680471,-0.297110108
0.90716968,-0.879122858,0.38296438,-0.528976942,-1.080305701,1.303105719,-0.268631396,-0.742966761,0.017010925,0.154883537,-0.518502433,0.591434276,0.551315505,-0.583090408,-0.390258791,-0.534624519,-0.368310719
2.073297051,0.110041347,0.261125519,0.050056642,-1.314886368,1.053360574,0.221156936,-1.273031122,0.633108213,-0.066787562,-0.323400564,-0.982855154,1.15720394,0.008439466,0.437272528,0.006194954,-0.480968207
1.150862496,1.181343988,-0.102764573,0.664265163,-1.408045197,0.57864339,0.478212624,-1.312480684,1.004056124,-0.108768315,-0.33685271,-1.843446926,0.651437495,0.310342198,0.824576169,0.407627965,-0.538542924
1.032014546,1.277011109,-0.651039446,0.596621053,-1.332844696,-0.026913061,0.201192356,-1.243287404,1.006525452,-0.433483081,-0.633715028,-0.65731406,-0.379969396,0.415068304,0.28691812,0.450373147,0.246795171
0.680104673,0.917413864,-1.314203633,0.365278196,-1.167291355,-0.673909078,-0.118475256,-1.063885822,0.675223971,-1.143975526,-0.733828276,0.596627502,-0.677434835,0.632576371,-0.305007215,0.405149983,0.85603819
-0.205803218,0.416610983,-1.491047416,0.531006266,-1.037093473,-1.380446151,-0.25077575,-0.582663777,0.121957357,-1.022803806,-0.344356628,1.020098005,-1.343267552,0.462252593,-0.170503152,0.452851128,0.362374386
-0.977769724,0.1801308,-0.915565807,0.293575439,-0.92485392,-2.074898782,-0.423848978,0.077646758,-0.305785094,-0.75151909,-0.194918846,1.031077969,-0.929028934,-0.066748507,-0.046207787,0.339483472,-0.986133274
-0.993034598,0.375783348,-0.15525583,-0.356484461,-0.819909937,-2.541761078,-0.287377481,0.609902761,-0.207697906,-0.68695778,-0.108349255,0.65805595,1.12540554,-0.517492737,-0.35578205,0.128855041,-0.971149508
-0.188902821,0.259581619,0.551084264,-0.303722055,-0.626857905,-2.643270396,0.17794721,1.070773841,0.200564292,-0.286232409,0.700701223,0.377176601,1.801766105,-0.586926529,-0.342260004,0.084870868,0.072213317
-0.091861834,-0.316353774,1.106900134,-0.134611779,-0.504516792,-2.635616915,0.334102097,1.507849946,0.228138453,0.363515159,1.550931739,0.548849821,0.724702727,-0.606107135,0.044685437,0.253993109,0.217417024
-0.598601147,-0.793239874,1.041840548,0.328073935,-0.52023033,-2.551025818,0.443907289,1.544794775,-0.191098535,1.278504758,1.518719799,-0.657759194,-0.804521009,0.193724116,0.28432117,0.501171768,-1.084897498
0.661568754,-0.391607077,0.461035883,0.807670677,-0.506200386,-2.263416086,0.765777566,1.266769286,-0.507172495,0.575963213,0.855812699,-0.323315426,-1.698206451,0.446524497,0.07235638,0.55878484,-0.178906508
1.725475983,0.114299259,0.082655246,0.366631078,-0.40462359,-2.026963827,0.661736795,0.63808102,-0.590169346,0.454473458,0.147882092,1.039238753,-0.571189505,0.485652932,0.157428856,0.559404335,1.453457772
1.453979288,-0.329157706,-0.261421245,0.232019298,-0.234019469,-1.898868736,0.114632309,-0.175331389,-0.504428797,0.370193915,-0.713238257,0.179982383,1.3458458,0.542043912,0.591208934,0.664099055,0.865359211
0.033255619,-0.712067772,-0.890133423,0.227960652,0.098770807,-1.482358283,-0.310341435,-0.448347409,-0.290694757,-0.510447795,-1.638050397,-0.757024003,0.888206663,0.046800678,0.327663358,0.650470157,-0.524512043
-1.091711108,-0.33737155,-1.173438347,0.505301504,0.50002721,-0.725872181,-0.427598195,-0.395121809,-0.186022695,-0.429666649,-2.247881003,-0.459526331,-0.272757223,-0.385530171,-0.700549454,0.381609159,0.071093406
-1.171851699,0.210811922,-1.068455834,0.570916291,0.758178183,0.106242391,-0.479899772,-0.662502177,-0.126758828,-0.231848251,-1.975909731,0.058609267,-0.414668326,-0.361362608,-0.913409744,0.183370635,-0.18314831
-0.951328781,0.838536806,-1.022322673,-0.262459148,0.750882612,0.802608391,-0.437721081,-0.906713755,0.109747903,-0.184142849,-0.893515312,1.031374725,0.1112944,0.030688969,-0.421243082,0.078675914,-1.312372214
0.29684729,1.223379541,-0.971605768,-0.712968922,0.700936011,1.281756538,0.001007602,-0.778659223,0.321012615,-0.038482357,0.088308304,0.947392838,-0.234298347,0.166487656,-0.032506641,-0.160449305,-1.067796522
0.405064346,1.120948079,-0.680020534,-0.342955639,0.598798017,1.619315299,0.592563742,-0.778972314,0.366969549,0.019718233,1.068850762,-0.587279695,-0.014717503,0.056007368,-0.028924642,-0.40019402,0.466747552
-0.650392685,0.734776634,-0.250627268,-0.204961654,0.294628828,1.669264328,0.909934958,-1.236086293,0.452572913,0.041980753,1.431601141,-0.723045466,0.753493171,-0.264308744,-0.629715424,-0.577369701,1.109496375
-1.04455355,0.575693809,0.171225001,-0.476214536,-0.185195263,1.490414579,1.01622526,-1.433334106,0.619389725,-0.010177152,1.517621664,0.260254822,1.052355161,-0.50521715,-0.701086754,-0.664099055,0.912177361
-0.722355664,0.146127903,0.521955313,-0.691999248,-0.775014116,1.22858499,0.874692319,-1.064512005,0.677693299,-0.184778921,1.195136212,0.398839773,0.730718641,0.303053567,-0.045491387,-0.564979793,0.228405935
0.133022477,-1.017550282,0.960220341,-0.235401504,-1.378301715,0.811772427,0.434534247,-0.489362431,0.404146651,-0.133575124,0.719003462,0.241707586,0.113657795,0.511738556,0.382109743,-0.393379571,-1.021861848
0.433685986,-2.046696579,1.566161665,0.321309524,-1.86205419,0.32194969,-0.129488581,0.051973233,-0.074079834,-0.60172413,0.507612601,-0.159951367,-0.529185537,0.371336523,0.147220159,-0.430549294,-0.780068581
0.428779419,-2.020122378,1.861887055,0.433598747,-2.095512461,0.020392497,-0.757341828,0.349723503,-0.374789087,-0.257609168,0.899738073,-0.554339803,-0.693656316,0.624136904,-0.485450414,-0.726048594,0.058255177
0.31620097,-1.422927626,1.343184721,0.765054887,-2.047249453,0.036580615,-1.161319956,0.469637649,-0.34337375,0.528893884,1.270541437,-0.295123627,-0.372556931,0.124290324,-0.64386432,-0.9267651,0.023996922
0.177454165,-0.801816094,0.615256674,0.970692983,-1.703235222,0.239473369,-1.297416532,0.58673397,-0.160231938,0.300862065,0.697315309,0.647224363,0.181121968,-0.796378742,0.017372695,-1.053761654,0.455055753
-0.362540767,-0.013196506,0.186898446,0.25772406,-1.203208012,0.318928579,-1.335471084,0.584855419,-0.002057773,-0.155519609,-0.438796182,0.814891381,0.62629957,-0.838959686,0.28620172,-1.199962566,0.805262459
-0.37889599,1.072148184,0.15747377,-0.618943609,-0.769402138,0.21872841,-1.078837183,0.447095042,-0.081762187,-0.423623965,-1.285549273,-0.579564045,0.596434857,-0.554703112,0.059729833,-0.963934823,0.401435008
0.275040327,1.493470048,0.571341453,-0.876667669,-0.322688716,0.211779855,-0.470151808,0.375397028,-0.35462291,-0.124034044,-1.100696658,-1.023065563,0.016114054,0.062528774,-0.304559465,-0.452231633,0.396569998
0.676015867,1.254785414,0.629599355,-1.541609274,0.215499942,0.12698735,0.014106429,0.483100595,-0.482753587,0.564195881,-0.719186485,-0.484305438,-0.361599375,0.542043912,-0.583597187,-0.040886696,-0.141306307
0.081230939,0.90787131,-0.223716257,-2.645561154,0.81429796,-0.168880084,0.103806445,0.825622988,-0.283286774,0.317399937,-0.65302389,0.27939557,-0.0556472,0.835507177,-0.081669577,0.186468112,-0.613825253
0.190538343,0.540784973,-1.223711663,-2.806554136,1.376056924,-0.326984874,0.228139853,0.987178339,0.176968493,0.33870835,-0.655677715,0.753166178,0.176180325,0.276967944,0.561926093,0.289304346,0.169670424
0.186994712,0.322876532,-1.655470732,-2.512302256,1.629718315,-0.267972513,0.393855243,0.679722225,0.685650022,-0.511401903,-0.762837325,0.411451894,-0.196161752,-0.383612111,0.74971239,0.266383017,0.263955126
-0.587697665,0.292557785,-1.625306743,-1.086364411,1.633646699,-0.04013042,0.147812879,0.215094043,0.828322295,-1.273098146,-0.589149076,-0.42436077,-0.262121947,-0.713518526,0.513121356,0.170980727,-1.620274035
-0.779053769,0.200303034,-1.468572286,0.951076191,1.70379642,0.388716235,0.081217413,-0.091422796,0.357229423,-1.369145021,-0.186408305,-0.81147869,0.506411008,-0.617231886,0.292917968,0.136288985,-1.856236047
-0.334736889,-0.503460301,-1.314203633,1.273062156,1.808740402,0.6745133,0.583003239,-0.389173065,-0.125386979,-1.583501291,0.093341419,0.018102103,1.080286188,0.193340504,0.390527441,0.092304813,0.003879548
0.396886735,-1.48428987,-0.729258811,0.650736341,1.866543772,0.530607731,1.061028402,-0.471203108,-0.04527101,-0.656426324,0.412898514,-0.244081632,0.52907811,0.422740546,0.32157396,-0.030974769,2.037681
0.691280742,-2.308090075,0.13662513,0.456597744,1.774507339,0.231417074,0.913121793,-0.058861252,0.323756313,0.964285181,0.965992178,-0.983745422,-0.093783795,0.400491044,-0.309305613,-0.180892653,2.492189496
0.835751874,-2.379598831,0.626937827,0.849610025,1.542171463,0.074772488,0.37881151,0.256109065,0.68167166,1.237160077,1.082760464,-0.543508217,0.418643126,0.157664578,-0.904812947,-0.230452284,1.494142552
0.350819525,-1.005954267,0.789438928,1.532815539,1.148210631,-0.090054273,0.223640792,0.201004914,0.691960526,0.231212179,0.9048627,-0.183395074,1.098333929,-0.126591997,-0.656938616,-0.150537379,-0.092929639
-0.317018731,0.76569934,0.914974356,2.059086717,0.72618991,-0.475321406,0.304951935,0.016906955,0.308803161,-0.344432998,0.415918383,0.132649835,0.874026296,-0.043731781,-0.03510359,-0.083631877,-0.9903035
-0.131659542,1.861643512,0.870024097,1.714778196,0.332790276,-0.713384924,0.137736858,0.124297431,-0.11839055,-0.45828989,-0.329806348,-0.104458036,-0.221299677,-0.368651238,0.314768162,0.181512149,-1.893449918
-0.363903703,2.202276441,0.627972865,1.240592983,-0.030304679,-0.452864484,-0.050919053,0.536013104,-0.41649329,-0.486595094,-0.814815684,-0.455223372,-1.094466556,-0.257787338,0.186980348,0.736580016,-1.425370734
-0.133295064,1.477042361,0.57991749,1.246680953,-0.234580667,0.023187024,0.006572846,0.492493348,-0.414023963,0.044207005,-0.849589938,-0.325244339,-0.44055824,0.017262545,0.209367841,1.148544448,-0.075380627
0.498834289,-0.050370188,0.684456415,0.775877945,-0.310903563,0.495160033,0.062143271,-0.257674524,-0.17518509,0.261743636,-0.689994413,-0.085317288,0.33431291,0.206383316,0.317186011,1.0878339,0.577686236
-0.708453725,-1.06393434,0.615404536,-0.124465163,-0.588696457,0.838257497,-0.180056145,-0.73920966,0.081076263,0.271920788,-0.496265213,-0.067363563,0.172420379,-0.05639098,0.097340823,0.778086207,0.604353375
-1.235091893,-0.528584999,0.546944109,-0.262459148,-1.291316061,0.702106111,-0.465652748,-0.387607607,0.075040128,0.585186257,-0.176616607,0.366493392,0.001503978,-0.461485369,-0.25002353,0.485684384,0.570590753
-1.048097181,0.080296362,0.538515935,0.136641103,-2.13086792,0.193200025,-0.418600075,0.30495138,-0.215791814,0.444932377,0.202697298,0.761326962,0.006015914,-0.013810036,-0.238292483,0.307269712,0.835598707
-0.259230278,0.232977221,-0.024545207,0.61962005,-2.607324824,-0.211377041,-0.256587036,0.673460389,-0.558754009,-0.204179118,0.174603361,0.537127968,-0.183485363,0.059459877,-0.095997573,0.211247927,0.630788612
1.35148656,0.223162885,-1.027793592,0.532359148,-2.51809438,-0.479349554,-0.337382662,0.799010187,-0.456276905,-0.597907698,0.144221644,-0.295865516,-0.202177666,0.237455897,-0.099758672,0.006194954,0.123979327
1.64369987,0.192270378,-1.60046581,-0.261782707,-1.979905721,-0.740172105,-0.13469062,0.956182254,0.132520592,-0.191457678,0.973313074,-0.641437626,-0.348922985,0.281954901,-0.326499209,-0.321518106,0.237421832
0.774692377,-0.093341878,-1.444322804,-1.513875188,-1.224533527,-1.116199675,0.256540171,0.860376174,0.778386999,-0.010813224,1.580215322,-0.759546427,-0.323033072,0.222495024,-0.050953936,-0.609583461,0.294635937
0.201986999,-0.066344907,-1.097141196,-2.781525815,-0.481507684,-1.345804083,0.338319966,0.316535776,1.406419372,0.631937551,1.196234346,-0.635650888,-0.084974779,0.194874952,0.420616232,-0.859859598,-0.44162509
-0.477027326,0.307294387,-1.240863736,-3.441732332,0.07295571,-1.139160116,0.363580316,-0.302133554,1.447026096,1.744745548,0.459477712,-0.139623596,0.188534433,-0.434248909,0.461451021,-1.074824497,-0.377966674
-1.04727942,0.133867533,-1.588636794,-3.511405765,0.265446544,-0.7263757,0.304623879,-0.534134553,0.850134691,1.030436671,-0.406035174,0.489943798,0.365574175,-0.794077069,0.137280112,-1.243946738,-0.503714676
-1.267257164,-0.176416451,-1.266296119,-3.362588723,0.227285096,-0.543397099,-0.034914583,-0.577028125,0.034159035,-0.000636072,-0.798343669,1.147406236,-0.091635254,-0.100122761,-0.199875544,-1.283594443,-0.523405493
-0.837387397,0.043666243,-0.034599871,-2.298546868,0.229529887,-0.662831673,-0.297219175,-0.814977868,-0.474110939,-0.122125828,-0.685967921,1.123814152,-0.272757223,0.597284056,-0.439600827,-1.069249039,-0.330955861
-0.19271904,0.398975378,1.644233168,-1.064041855,0.242998633,-0.697876556,-0.180805988,-0.738896568,-0.743679225,-0.673282232,-0.818842176,1.339555606,0.433360629,0.434632521,-0.416855133,-0.781183684,0.276253802
0.984039226,0.618816488,2.644376436,-0.136641103,0.186878856,-0.302111063,0.078323486,0.169382646,-0.98087188,-0.395954832,-0.85434852,0.81147869,0.812148328,0.36174622,-0.061073083,-0.524093098,1.607819527
1.365661086,0.745647898,2.401290166,0.280723058,0.043212228,0.363540313,-0.092277603,1.142784947,-1.29612273,0.450020953,-0.657507939,0.204909868,-0.213457504,0.062145162,0.487957813,-0.276294943,0.809110911
0.999576687,0.446688146,1.808656484,-0.117700752,0.004489582,0.98689614,-0.319855073,1.084549878,-1.338375672,0.270012572,-0.427265771,0.205800136,-1.347994341,-0.377857929,0.434675578,0.092924308,-0.966354591
0.680922434,-0.073411228,1.23613213,0.198197243,0.14815621,1.585076045,0.073027717,0.371013743,-0.817621874,-0.266514176,-0.091602707,-0.437418025,-1.112084589,-0.597284056,0.012984746,0.559404335,-0.558711186
-0.124299692,-0.530034501,0.40987539,1.162125815,0.352432198,1.966138799,0.250119637,-0.374144661,-0.049386556,-0.574054997,0.351952057,-1.055115188,-0.532515775,-0.360211772,-0.218860139,0.888975881,-0.080355248
-1.140776776,-0.988560245,-0.519885235,1.831126066,0.599920413,2.152642029,-0.233201295,-1.228572091,0.654783424,-0.482460626,0.722846932,-0.894125175,0.123755936,0.339496718,0.091161874,1.029601334,-0.831310925
